chr6	37479956	+	chr6	46297896	+	.	0	22	6205266_1	58.0	.	BX=TCAATCTAGCGATATA-1_1,CGCTATCCAGACTATC-1_1,GCGCTAGCACCATGAT-1_1,GATGGTTTCAAACCGT-1_1,GGTGGCTAGTCCCGGT-1_1,TTAGGACCACGTCCGA-1_1,ACGATCATCACGGTAT-1_1,TAACTCTAGTCGGTCC-1_1,GTGCAGCAGTCCTCCT-1_1,CGGAGCTGTAAGTAAC-1_1,CTACCCATCTGTGCAA-1_1,ACCGTAAAGACTAGAT-1_1,ACCACGGGTAGTTGGG-1_1,GATGGTTGTGACGCCT-1_1,TGGCATAAGCGGTGAT-1_1,TAGAGCTTCGCATGAT-1_1,GTCGACGTCGGTGGCT-1_1,CCTAGTCCACATGCGC-1_1,GGGCCATGTACGAGGT-1_1;EVDNC=ASSMB;HOMSEQ=AG;MAPQ=60;MATEID=6205266_2;MATENM=0;NM=0;NUMPARTS=2;SCTG=c_6_46280501_46305501_83C;SPAN=8817940;SVTYPE=BND;TOOL=svaba;GENOTYPE=OC001B.bam(GT:0/0 AD:0 DP:46 GQ:12.6 PL:[0.0, 12.6, 138.6] SR:0 DR:0 LR:12.92 LO:0.0),OC001T.bam(GT:0/1 AD:22 DP:50 GQ:58.7 PL:[58.7, 0.0, 65.3] SR:22 DR:0 LR:-58.57 LO:58.61);ALT=g[chr6:46297896[;VARTYPE=BND:DEL-ht;JOINTYPE=ht	.
chr6	37479956	+	chr6	46297896	+	.	0	22	6205266_1	58.0	.	BX=TCAATCTAGCGATATA-1_1,CGCTATCCAGACTATC-1_1,GCGCTAGCACCATGAT-1_1,GATGGTTTCAAACCGT-1_1,GGTGGCTAGTCCCGGT-1_1,TTAGGACCACGTCCGA-1_1,ACGATCATCACGGTAT-1_1,TAACTCTAGTCGGTCC-1_1,GTGCAGCAGTCCTCCT-1_1,CGGAGCTGTAAGTAAC-1_1,CTACCCATCTGTGCAA-1_1,ACCGTAAAGACTAGAT-1_1,ACCACGGGTAGTTGGG-1_1,GATGGTTGTGACGCCT-1_1,TGGCATAAGCGGTGAT-1_1,TAGAGCTTCGCATGAT-1_1,GTCGACGTCGGTGGCT-1_1,CCTAGTCCACATGCGC-1_1,GGGCCATGTACGAGGT-1_1;EVDNC=ASSMB;HOMSEQ=AG;MAPQ=60;MATEID=6205266_2;MATENM=0;NM=0;NUMPARTS=2;SCTG=c_6_46280501_46305501_83C;SPAN=8817940;SVTYPE=BND;TOOL=svaba;GENOTYPE=OC001B.bam(GT:0/0 AD:0 DP:46 GQ:12.6 PL:[0.0, 12.6, 138.6] SR:0 DR:0 LR:12.92 LO:0.0),OC001T.bam(GT:0/1 AD:22 DP:50 GQ:58.7 PL:[58.7, 0.0, 65.3] SR:22 DR:0 LR:-58.57 LO:58.61);ALT=g[chr6:46297896[;VARTYPE=BND:DEL-ht;JOINTYPE=ht	.
h=chr6:37478956-37480956	v=chr6:37478956-37480956	resolution=100	axis=0,0
25.0,18.0,2.0,4.0,4.0,0.0,2.0,1.0,0.0,0.0,0.0,0.0,0.0,0.0,0.0,0.0,0.0,0.0,0.0,0.0
18.0,81.0,27.0,9.0,29.0,10.0,3.0,4.0,1.0,0.0,0.0,0.0,0.0,0.0,0.0,0.0,0.0,0.0,0.0,0.0
2.0,27.0,82.0,27.0,32.0,14.0,8.0,7.0,4.0,1.0,0.0,0.0,0.0,0.0,0.0,0.0,0.0,0.0,0.0,0.0
4.0,9.0,27.0,91.0,39.0,14.0,20.0,27.0,12.0,2.0,0.0,0.0,0.0,0.0,0.0,0.0,0.0,0.0,0.0,0.0
4.0,29.0,32.0,39.0,109.0,30.0,15.0,29.0,12.0,3.0,1.0,1.0,0.0,0.0,0.0,0.0,0.0,1.0,0.0,0.0
0.0,10.0,14.0,14.0,30.0,92.0,19.0,25.0,31.0,13.0,4.0,1.0,0.0,0.0,0.0,0.0,0.0,1.0,0.0,0.0
2.0,3.0,8.0,20.0,15.0,19.0,67.0,26.0,9.0,4.0,3.0,1.0,0.0,0.0,0.0,1.0,1.0,0.0,0.0,0.0
1.0,4.0,7.0,27.0,29.0,25.0,26.0,120.0,45.0,11.0,18.0,5.0,3.0,1.0,1.0,0.0,0.0,0.0,0.0,0.0
0.0,1.0,4.0,12.0,12.0,31.0,9.0,45.0,105.0,16.0,28.0,7.0,1.0,1.0,0.0,0.0,0.0,0.0,0.0,0.0
0.0,0.0,1.0,2.0,3.0,13.0,4.0,11.0,16.0,63.0,17.0,6.0,10.0,4.0,3.0,0.0,0.0,0.0,0.0,0.0
0.0,0.0,0.0,0.0,1.0,4.0,3.0,18.0,28.0,17.0,74.0,16.0,11.0,5.0,2.0,2.0,1.0,0.0,0.0,0.0
0.0,0.0,0.0,0.0,1.0,1.0,1.0,5.0,7.0,6.0,16.0,31.0,8.0,9.0,5.0,3.0,1.0,0.0,0.0,0.0
0.0,0.0,0.0,0.0,0.0,0.0,0.0,3.0,1.0,10.0,11.0,8.0,49.0,16.0,10.0,11.0,6.0,7.0,1.0,0.0
0.0,0.0,0.0,0.0,0.0,0.0,0.0,1.0,1.0,4.0,5.0,9.0,16.0,53.0,22.0,14.0,15.0,11.0,7.0,0.0
0.0,0.0,0.0,0.0,0.0,0.0,0.0,1.0,0.0,3.0,2.0,5.0,10.0,22.0,65.0,29.0,16.0,12.0,9.0,9.0
0.0,0.0,0.0,0.0,0.0,0.0,1.0,0.0,0.0,0.0,2.0,3.0,11.0,14.0,29.0,58.0,18.0,8.0,10.0,11.0
0.0,0.0,0.0,0.0,0.0,0.0,1.0,0.0,0.0,0.0,1.0,1.0,6.0,15.0,16.0,18.0,80.0,33.0,19.0,30.0
0.0,0.0,0.0,0.0,1.0,1.0,0.0,0.0,0.0,0.0,0.0,0.0,7.0,11.0,12.0,8.0,33.0,69.0,24.0,20.0
0.0,0.0,0.0,0.0,0.0,0.0,0.0,0.0,0.0,0.0,0.0,0.0,1.0,7.0,9.0,10.0,19.0,24.0,64.0,20.0
0.0,0.0,0.0,0.0,0.0,0.0,0.0,0.0,0.0,0.0,0.0,0.0,0.0,0.0,9.0,11.0,30.0,20.0,20.0,73.0
h=chr6:37478956-37480956	v=chr6:46296896-46298896	resolution=100	axis=1,0
0.0,0.0,0.0,0.0,0.0,0.0,0.0,0.0,0.0,0.0,0.0,0.0,0.0,0.0,0.0,0.0,0.0,0.0,0.0,0.0
0.0,0.0,0.0,0.0,0.0,0.0,0.0,0.0,0.0,0.0,0.0,0.0,0.0,0.0,0.0,0.0,0.0,0.0,0.0,0.0
0.0,0.0,0.0,0.0,0.0,0.0,0.0,0.0,0.0,0.0,0.0,0.0,0.0,0.0,0.0,0.0,0.0,0.0,0.0,0.0
0.0,0.0,0.0,0.0,0.0,0.0,0.0,0.0,0.0,0.0,0.0,0.0,0.0,0.0,0.0,0.0,0.0,0.0,0.0,0.0
0.0,0.0,0.0,0.0,0.0,0.0,0.0,0.0,0.0,0.0,0.0,0.0,1.0,0.0,0.0,0.0,0.0,0.0,0.0,0.0
0.0,0.0,0.0,0.0,0.0,0.0,0.0,0.0,0.0,0.0,0.0,0.0,1.0,1.0,0.0,0.0,0.0,0.0,0.0,0.0
0.0,0.0,0.0,0.0,0.0,0.0,0.0,0.0,0.0,0.0,0.0,1.0,4.0,2.0,0.0,0.0,0.0,0.0,0.0,0.0
0.0,0.0,0.0,0.0,0.0,0.0,0.0,0.0,0.0,0.0,0.0,8.0,6.0,0.0,0.0,0.0,0.0,0.0,0.0,0.0
0.0,0.0,0.0,0.0,0.0,0.0,0.0,0.0,0.0,0.0,0.0,13.0,5.0,0.0,0.0,0.0,0.0,0.0,0.0,0.0
0.0,0.0,0.0,0.0,0.0,0.0,0.0,0.0,0.0,0.0,0.0,1.0,13.0,3.0,0.0,0.0,0.0,0.0,0.0,0.0
0.0,0.0,0.0,0.0,0.0,0.0,0.0,0.0,0.0,0.0,0.0,16.0,5.0,7.0,2.0,0.0,0.0,1.0,0.0,0.0
0.0,0.0,0.0,0.0,0.0,0.0,0.0,0.0,0.0,0.0,0.0,0.0,0.0,0.0,0.0,0.0,0.0,0.0,0.0,0.0
0.0,0.0,0.0,0.0,0.0,0.0,0.0,0.0,0.0,0.0,0.0,0.0,0.0,0.0,0.0,0.0,0.0,0.0,0.0,0.0
0.0,0.0,0.0,0.0,0.0,0.0,0.0,0.0,0.0,0.0,0.0,0.0,0.0,0.0,0.0,0.0,0.0,0.0,0.0,0.0
0.0,0.0,0.0,0.0,0.0,0.0,0.0,0.0,0.0,0.0,0.0,0.0,0.0,0.0,0.0,0.0,0.0,0.0,0.0,0.0
0.0,0.0,0.0,0.0,0.0,0.0,0.0,0.0,0.0,0.0,0.0,0.0,0.0,0.0,0.0,0.0,0.0,0.0,0.0,0.0
0.0,0.0,0.0,0.0,0.0,0.0,0.0,0.0,0.0,0.0,0.0,0.0,0.0,0.0,0.0,0.0,0.0,0.0,0.0,0.0
0.0,0.0,0.0,0.0,0.0,0.0,0.0,0.0,0.0,0.0,0.0,0.0,0.0,0.0,0.0,0.0,0.0,0.0,0.0,0.0
0.0,0.0,0.0,0.0,0.0,0.0,0.0,0.0,0.0,0.0,0.0,0.0,0.0,0.0,0.0,0.0,0.0,0.0,0.0,0.0
0.0,0.0,0.0,0.0,0.0,0.0,0.0,0.0,0.0,0.0,0.0,0.0,0.0,0.0,0.0,0.0,0.0,0.0,0.0,0.0
h=chr6:46296896-46298896	v=chr6:37478956-37480956	resolution=100	axis=0,1
0.0,0.0,0.0,0.0,0.0,0.0,0.0,0.0,0.0,0.0,0.0,0.0,0.0,0.0,0.0,0.0,0.0,0.0,0.0,0.0
0.0,0.0,0.0,0.0,0.0,0.0,0.0,0.0,0.0,0.0,0.0,0.0,0.0,0.0,0.0,0.0,0.0,0.0,0.0,0.0
0.0,0.0,0.0,0.0,0.0,0.0,0.0,0.0,0.0,0.0,0.0,0.0,0.0,0.0,0.0,0.0,0.0,0.0,0.0,0.0
0.0,0.0,0.0,0.0,0.0,0.0,0.0,0.0,0.0,0.0,0.0,0.0,0.0,0.0,0.0,0.0,0.0,0.0,0.0,0.0
0.0,0.0,0.0,0.0,0.0,0.0,0.0,0.0,0.0,0.0,0.0,0.0,0.0,0.0,0.0,0.0,0.0,0.0,0.0,0.0
0.0,0.0,0.0,0.0,0.0,0.0,0.0,0.0,0.0,0.0,0.0,0.0,0.0,0.0,0.0,0.0,0.0,0.0,0.0,0.0
0.0,0.0,0.0,0.0,0.0,0.0,0.0,0.0,0.0,0.0,0.0,0.0,0.0,0.0,0.0,0.0,0.0,0.0,0.0,0.0
0.0,0.0,0.0,0.0,0.0,0.0,0.0,0.0,0.0,0.0,0.0,0.0,0.0,0.0,0.0,0.0,0.0,0.0,0.0,0.0
0.0,0.0,0.0,0.0,0.0,0.0,0.0,0.0,0.0,0.0,0.0,0.0,0.0,0.0,0.0,0.0,0.0,0.0,0.0,0.0
0.0,0.0,0.0,0.0,0.0,0.0,0.0,0.0,0.0,0.0,0.0,0.0,0.0,0.0,0.0,0.0,0.0,0.0,0.0,0.0
0.0,0.0,0.0,0.0,0.0,0.0,0.0,0.0,0.0,0.0,0.0,0.0,0.0,0.0,0.0,0.0,0.0,0.0,0.0,0.0
0.0,0.0,0.0,0.0,0.0,0.0,1.0,8.0,13.0,1.0,16.0,0.0,0.0,0.0,0.0,0.0,0.0,0.0,0.0,0.0
0.0,0.0,0.0,0.0,1.0,1.0,4.0,6.0,5.0,13.0,5.0,0.0,0.0,0.0,0.0,0.0,0.0,0.0,0.0,0.0
0.0,0.0,0.0,0.0,0.0,1.0,2.0,0.0,0.0,3.0,7.0,0.0,0.0,0.0,0.0,0.0,0.0,0.0,0.0,0.0
0.0,0.0,0.0,0.0,0.0,0.0,0.0,0.0,0.0,0.0,2.0,0.0,0.0,0.0,0.0,0.0,0.0,0.0,0.0,0.0
0.0,0.0,0.0,0.0,0.0,0.0,0.0,0.0,0.0,0.0,0.0,0.0,0.0,0.0,0.0,0.0,0.0,0.0,0.0,0.0
0.0,0.0,0.0,0.0,0.0,0.0,0.0,0.0,0.0,0.0,0.0,0.0,0.0,0.0,0.0,0.0,0.0,0.0,0.0,0.0
0.0,0.0,0.0,0.0,0.0,0.0,0.0,0.0,0.0,0.0,1.0,0.0,0.0,0.0,0.0,0.0,0.0,0.0,0.0,0.0
0.0,0.0,0.0,0.0,0.0,0.0,0.0,0.0,0.0,0.0,0.0,0.0,0.0,0.0,0.0,0.0,0.0,0.0,0.0,0.0
0.0,0.0,0.0,0.0,0.0,0.0,0.0,0.0,0.0,0.0,0.0,0.0,0.0,0.0,0.0,0.0,0.0,0.0,0.0,0.0
h=chr6:46296896-46298896	v=chr6:46296896-46298896	resolution=100	axis=1,1
22.0,22.0,8.0,9.0,2.0,2.0,3.0,0.0,0.0,0.0,0.0,0.0,0.0,0.0,0.0,0.0,0.0,0.0,0.0,0.0
22.0,74.0,30.0,16.0,15.0,11.0,7.0,3.0,3.0,0.0,0.0,0.0,0.0,0.0,0.0,0.0,0.0,0.0,0.0,0.0
8.0,30.0,78.0,31.0,17.0,17.0,6.0,2.0,3.0,1.0,0.0,0.0,0.0,0.0,0.0,0.0,0.0,0.0,0.0,0.0
9.0,16.0,31.0,73.0,32.0,17.0,9.0,1.0,6.0,2.0,0.0,0.0,0.0,0.0,0.0,0.0,0.0,0.0,0.0,0.0
2.0,15.0,17.0,32.0,81.0,32.0,8.0,10.0,8.0,1.0,1.0,0.0,0.0,0.0,0.0,0.0,0.0,0.0,0.0,0.0
2.0,11.0,17.0,17.0,32.0,73.0,23.0,7.0,11.0,5.0,10.0,5.0,1.0,0.0,0.0,0.0,0.0,0.0,0.0,0.0
3.0,7.0,6.0,9.0,8.0,23.0,63.0,11.0,10.0,10.0,10.0,8.0,4.0,0.0,0.0,1.0,1.0,0.0,0.0,0.0
0.0,3.0,2.0,1.0,10.0,7.0,11.0,58.0,22.0,9.0,11.0,10.0,10.0,1.0,2.0,1.0,1.0,0.0,0.0,0.0
0.0,3.0,3.0,6.0,8.0,11.0,10.0,22.0,97.0,33.0,25.0,20.0,18.0,5.0,4.0,1.0,1.0,0.0,0.0,0.0
0.0,0.0,1.0,2.0,1.0,5.0,10.0,9.0,33.0,80.0,23.0,26.0,23.0,4.0,1.0,0.0,0.0,0.0,0.0,0.0
0.0,0.0,0.0,0.0,1.0,10.0,10.0,11.0,25.0,23.0,90.0,33.0,20.0,17.0,7.0,2.0,4.0,5.0,2.0,0.0
0.0,0.0,0.0,0.0,0.0,5.0,8.0,10.0,20.0,26.0,33.0,131.0,39.0,19.0,19.0,3.0,8.0,12.0,5.0,0.0
0.0,0.0,0.0,0.0,0.0,1.0,4.0,10.0,18.0,23.0,20.0,39.0,142.0,38.0,15.0,13.0,11.0,3.0,0.0,1.0
0.0,0.0,0.0,0.0,0.0,0.0,0.0,1.0,5.0,4.0,17.0,19.0,38.0,97.0,29.0,10.0,14.0,11.0,0.0,0.0
0.0,0.0,0.0,0.0,0.0,0.0,0.0,2.0,4.0,1.0,7.0,19.0,15.0,29.0,92.0,24.0,18.0,28.0,8.0,0.0
0.0,0.0,0.0,0.0,0.0,0.0,1.0,1.0,1.0,0.0,2.0,3.0,13.0,10.0,24.0,66.0,20.0,18.0,11.0,2.0
0.0,0.0,0.0,0.0,0.0,0.0,1.0,1.0,1.0,0.0,4.0,8.0,11.0,14.0,18.0,20.0,78.0,25.0,9.0,13.0
0.0,0.0,0.0,0.0,0.0,0.0,0.0,0.0,0.0,0.0,5.0,12.0,3.0,11.0,28.0,18.0,25.0,131.0,45.0,27.0
0.0,0.0,0.0,0.0,0.0,0.0,0.0,0.0,0.0,0.0,2.0,5.0,0.0,0.0,8.0,11.0,9.0,45.0,107.0,37.0
0.0,0.0,0.0,0.0,0.0,0.0,0.0,0.0,0.0,0.0,0.0,0.0,1.0,0.0,0.0,2.0,13.0,27.0,37.0,106.0
