#sv
chr11	76139879	+	chr2	63328429	-	.	64	0	10273828_1	99.0	.	BX=AAGTCACAGAATTCCC-1_1,GAGGTGACACCGCTAG-1_1,AGTCGATTCTGCTAGA-1_1,ACTACAGCATCCCTTG-1_1,GTCATTTGTGTGTTCA-1_1,CATCAAGTCGCAAGCC-1_1,GACACATGTGAGGGTT-1_1,TTAGTTCTCTGAAGCT-1_1,GCCAAATAGCCCGAAA-1_1,CTGGCGATCAATCGAC-1_1,CCTAACCTCCTATGAG-1_1,ATATTCCCAGTGAATA-1_1,GACCAATAGGTGCTTT-1_2,TGGCATAAGATTCACC-1_2,CTCTTAACAGGTCCCA-1_3,TTGAGCACATTCGTTT-1_1,CGTTAGAAGCAATTGA-1_1,TTGACTTTCCGTAGGC-1_1,CGGAACCTCATAAGCC-1_1,TCCGGAGCATCCTTGC-1_1,GCTATAGTCCGTTAAG-1_1,TACCCACCAATAAGCA-1_1,ACTCAGAAGTGGACGT-1_1,AGCTGGCAGCAGTAGC-1_1,CGTGAGCTCACTACAG-1_1,CAAAGCTCACTTACGA-1_1,GTCACCTCATTCCTCG-1_1,TATTACCTCCAGAAGG-1_1,AGCGGTCCATGTAGAA-1_1,TTTGTGTAGGAATCAT-1_1,TACAAGCAGGTAACGC-1_3,CCAGTGGAGAGTAAGG-1_1,ATTTCTGTCCAACCGG-1_1,GCCGGATAGATTGAGT-1_2,ACTAAGCGTTTGACAC-1_1,GTCGTGGTCGCTTGAA-1_1,CTCTTAAAGCCCGTTG-1_1,GTTAAGCCAGACAGGT-1_2,ACATGTGGTTGAGGTG-1_1,CTATGAGAGGTATCAA-1_1,GTTGCCTTCCACTCGT-1_1,TCGGGCAAGAAGTGCC-1_2,AGGGCAATCCTCTACG-1_1,CCGGGATCACGCTTTC-1_1,CTCGAAACAGACACGA-1_1,AGCAATCAGAGGGTTC-1_1,GGGTCTGCAGATCACT-1_1,ACGCTCTAGTTCTGTG-1_3,CAGGTATTCCGACGTG-1_1,CACATTTGTGAGCACA-1_1,ATCACCCTCTCCACTG-1_1,CGGTGTGTCTGTGCAA-1_1;DISC_MAPQ=57;EVDNC=DSCRD;IMPRECISE;MAPQ=57;MATEID=10273828_2;MATENM=-1;NM=-1;NUMPARTS=0;SCTG=2:63328429(+)-11:76139879(+)__11_76121501_76146501D;SPAN=-1;SVTYPE=BND;TOOL=svaba;GENOTYPE=OC001B.bam(GT:0/0 AD:0 DP:31 GQ:8.4 PL:[0.0, 8.4, 92.4] SR:0 DR:0 LR:8.71 LO:0.0),OC001T.bam(GT:0/1 AD:64 DP:81 GQ:13.7 PL:[188.6, 0.0, 13.7] SR:0 DR:64 LR:-197.2 LO:197.2);ALT=t]chr11:76139879];VARTYPE=BND:TRX-tt;JOINTYPE=tt	.
#heatmap	linkage_type=Pair End
v=chr2:63327429-63329429	h=chr2:63327429-63329429	resolution=100	axis=0,0
102.0,34.0,26.0,24.0,16.0,8.0,0.0,2.0,0.0,0.0,0.0,0.0,0.0,0.0,0.0,0.0,0.0,0.0,0.0,0.0
34.0,155.0,57.0,18.0,34.0,16.0,3.0,0.0,1.0,0.0,0.0,0.0,0.0,0.0,0.0,0.0,0.0,0.0,0.0,0.0
26.0,57.0,190.0,49.0,33.0,37.0,14.0,7.0,4.0,1.0,0.0,0.0,0.0,0.0,0.0,0.0,0.0,0.0,0.0,0.0
24.0,18.0,49.0,146.0,47.0,32.0,37.0,12.0,2.0,1.0,0.0,0.0,0.0,0.0,0.0,0.0,0.0,0.0,0.0,0.0
16.0,34.0,33.0,47.0,160.0,58.0,25.0,31.0,7.0,4.0,1.0,0.0,0.0,0.0,0.0,0.0,0.0,0.0,0.0,0.0
8.0,16.0,37.0,32.0,58.0,166.0,52.0,38.0,20.0,14.0,2.0,3.0,1.0,0.0,0.0,0.0,0.0,0.0,0.0,0.0
0.0,3.0,14.0,37.0,25.0,52.0,148.0,48.0,19.0,25.0,2.0,2.0,0.0,0.0,0.0,0.0,0.0,0.0,0.0,0.0
2.0,0.0,7.0,12.0,31.0,38.0,48.0,145.0,30.0,26.0,9.0,4.0,4.0,1.0,1.0,0.0,0.0,0.0,0.0,0.0
0.0,1.0,4.0,2.0,7.0,20.0,19.0,30.0,123.0,54.0,16.0,17.0,10.0,0.0,0.0,0.0,0.0,0.0,0.0,0.0
0.0,0.0,1.0,1.0,4.0,14.0,25.0,26.0,54.0,170.0,25.0,25.0,19.0,6.0,4.0,2.0,0.0,0.0,0.0,0.0
0.0,0.0,0.0,0.0,1.0,2.0,2.0,9.0,16.0,25.0,79.0,35.0,24.0,14.0,6.0,2.0,2.0,1.0,0.0,0.0
0.0,0.0,0.0,0.0,0.0,3.0,2.0,4.0,17.0,25.0,35.0,93.0,38.0,20.0,14.0,3.0,3.0,0.0,1.0,0.0
0.0,0.0,0.0,0.0,0.0,1.0,0.0,4.0,10.0,19.0,24.0,38.0,81.0,24.0,11.0,17.0,8.0,2.0,1.0,0.0
0.0,0.0,0.0,0.0,0.0,0.0,0.0,1.0,0.0,6.0,14.0,20.0,24.0,76.0,32.0,23.0,18.0,1.0,1.0,0.0
0.0,0.0,0.0,0.0,0.0,0.0,0.0,1.0,0.0,4.0,6.0,14.0,11.0,32.0,74.0,22.0,27.0,12.0,3.0,1.0
0.0,0.0,0.0,0.0,0.0,0.0,0.0,0.0,0.0,2.0,2.0,3.0,17.0,23.0,22.0,78.0,31.0,18.0,13.0,6.0
0.0,0.0,0.0,0.0,0.0,0.0,0.0,0.0,0.0,0.0,2.0,3.0,8.0,18.0,27.0,31.0,77.0,22.0,11.0,10.0
0.0,0.0,0.0,0.0,0.0,0.0,0.0,0.0,0.0,0.0,1.0,0.0,2.0,1.0,12.0,18.0,22.0,58.0,14.0,9.0
0.0,0.0,0.0,0.0,0.0,0.0,0.0,0.0,0.0,0.0,0.0,1.0,1.0,1.0,3.0,13.0,11.0,14.0,62.0,26.0
0.0,0.0,0.0,0.0,0.0,0.0,0.0,0.0,0.0,0.0,0.0,0.0,0.0,0.0,1.0,6.0,10.0,9.0,26.0,50.0
v=chr2:63327429-63329429	h=chr11:76138879-76140879	resolution=100	axis=1,0
0.0,0.0,0.0,0.0,0.0,0.0,0.0,0.0,0.0,0.0,0.0,0.0,0.0,0.0,0.0,0.0,0.0,0.0,0.0,0.0
0.0,0.0,0.0,0.0,0.0,0.0,0.0,0.0,0.0,0.0,0.0,0.0,0.0,0.0,0.0,0.0,0.0,0.0,0.0,0.0
0.0,0.0,0.0,0.0,0.0,0.0,0.0,0.0,0.0,0.0,0.0,0.0,0.0,0.0,0.0,0.0,0.0,0.0,0.0,0.0
0.0,0.0,0.0,0.0,0.0,0.0,0.0,0.0,0.0,0.0,0.0,0.0,0.0,0.0,0.0,0.0,0.0,0.0,0.0,0.0
0.0,0.0,0.0,0.0,0.0,0.0,0.0,0.0,0.0,0.0,0.0,0.0,0.0,0.0,0.0,0.0,0.0,0.0,0.0,0.0
0.0,0.0,0.0,0.0,0.0,0.0,0.0,0.0,1.0,1.0,4.0,0.0,0.0,0.0,0.0,0.0,0.0,0.0,0.0,0.0
0.0,0.0,0.0,0.0,0.0,0.0,1.0,0.0,1.0,6.0,14.0,0.0,0.0,0.0,0.0,0.0,0.0,0.0,0.0,0.0
0.0,0.0,0.0,0.0,0.0,0.0,1.0,0.0,5.0,15.0,21.0,0.0,0.0,0.0,0.0,0.0,0.0,0.0,0.0,0.0
0.0,0.0,0.0,0.0,0.0,0.0,0.0,4.0,6.0,15.0,15.0,0.0,0.0,0.0,0.0,0.0,0.0,0.0,0.0,0.0
0.0,0.0,0.0,0.0,0.0,1.0,3.0,12.0,27.0,20.0,38.0,0.0,0.0,0.0,0.0,0.0,0.0,0.0,0.0,0.0
0.0,0.0,0.0,0.0,0.0,0.0,0.0,0.0,0.0,0.0,0.0,0.0,0.0,0.0,0.0,0.0,0.0,0.0,0.0,0.0
0.0,0.0,0.0,0.0,0.0,0.0,0.0,0.0,0.0,0.0,0.0,0.0,0.0,0.0,0.0,0.0,0.0,0.0,0.0,0.0
0.0,0.0,0.0,0.0,0.0,0.0,0.0,0.0,0.0,0.0,0.0,0.0,0.0,0.0,0.0,0.0,0.0,0.0,0.0,0.0
0.0,0.0,0.0,0.0,0.0,0.0,0.0,0.0,0.0,0.0,0.0,0.0,0.0,0.0,0.0,0.0,0.0,0.0,0.0,0.0
0.0,0.0,0.0,0.0,0.0,0.0,0.0,0.0,0.0,0.0,0.0,0.0,0.0,0.0,0.0,0.0,0.0,0.0,0.0,0.0
0.0,0.0,0.0,0.0,0.0,0.0,0.0,0.0,0.0,0.0,0.0,0.0,0.0,0.0,0.0,0.0,0.0,0.0,0.0,0.0
0.0,0.0,0.0,0.0,0.0,0.0,0.0,0.0,0.0,0.0,0.0,0.0,0.0,0.0,0.0,0.0,0.0,0.0,0.0,0.0
0.0,0.0,0.0,0.0,0.0,0.0,0.0,0.0,0.0,0.0,0.0,0.0,0.0,0.0,0.0,0.0,0.0,0.0,0.0,0.0
0.0,0.0,0.0,0.0,0.0,0.0,0.0,0.0,0.0,0.0,0.0,0.0,0.0,0.0,0.0,0.0,0.0,0.0,0.0,0.0
0.0,0.0,0.0,0.0,0.0,0.0,0.0,0.0,0.0,0.0,0.0,0.0,0.0,0.0,0.0,0.0,0.0,0.0,0.0,0.0
v=chr11:76138879-76140879	h=chr2:63327429-63329429	resolution=100	axis=0,1
0.0,0.0,0.0,0.0,0.0,0.0,0.0,0.0,0.0,0.0,0.0,0.0,0.0,0.0,0.0,0.0,0.0,0.0,0.0,0.0
0.0,0.0,0.0,0.0,0.0,0.0,0.0,0.0,0.0,0.0,0.0,0.0,0.0,0.0,0.0,0.0,0.0,0.0,0.0,0.0
0.0,0.0,0.0,0.0,0.0,0.0,0.0,0.0,0.0,0.0,0.0,0.0,0.0,0.0,0.0,0.0,0.0,0.0,0.0,0.0
0.0,0.0,0.0,0.0,0.0,0.0,0.0,0.0,0.0,0.0,0.0,0.0,0.0,0.0,0.0,0.0,0.0,0.0,0.0,0.0
0.0,0.0,0.0,0.0,0.0,0.0,0.0,0.0,0.0,0.0,0.0,0.0,0.0,0.0,0.0,0.0,0.0,0.0,0.0,0.0
0.0,0.0,0.0,0.0,0.0,0.0,0.0,0.0,0.0,1.0,0.0,0.0,0.0,0.0,0.0,0.0,0.0,0.0,0.0,0.0
0.0,0.0,0.0,0.0,0.0,0.0,1.0,1.0,0.0,3.0,0.0,0.0,0.0,0.0,0.0,0.0,0.0,0.0,0.0,0.0
0.0,0.0,0.0,0.0,0.0,0.0,0.0,0.0,4.0,12.0,0.0,0.0,0.0,0.0,0.0,0.0,0.0,0.0,0.0,0.0
0.0,0.0,0.0,0.0,0.0,1.0,1.0,5.0,6.0,27.0,0.0,0.0,0.0,0.0,0.0,0.0,0.0,0.0,0.0,0.0
0.0,0.0,0.0,0.0,0.0,1.0,6.0,15.0,15.0,20.0,0.0,0.0,0.0,0.0,0.0,0.0,0.0,0.0,0.0,0.0
0.0,0.0,0.0,0.0,0.0,4.0,14.0,21.0,15.0,38.0,0.0,0.0,0.0,0.0,0.0,0.0,0.0,0.0,0.0,0.0
0.0,0.0,0.0,0.0,0.0,0.0,0.0,0.0,0.0,0.0,0.0,0.0,0.0,0.0,0.0,0.0,0.0,0.0,0.0,0.0
0.0,0.0,0.0,0.0,0.0,0.0,0.0,0.0,0.0,0.0,0.0,0.0,0.0,0.0,0.0,0.0,0.0,0.0,0.0,0.0
0.0,0.0,0.0,0.0,0.0,0.0,0.0,0.0,0.0,0.0,0.0,0.0,0.0,0.0,0.0,0.0,0.0,0.0,0.0,0.0
0.0,0.0,0.0,0.0,0.0,0.0,0.0,0.0,0.0,0.0,0.0,0.0,0.0,0.0,0.0,0.0,0.0,0.0,0.0,0.0
0.0,0.0,0.0,0.0,0.0,0.0,0.0,0.0,0.0,0.0,0.0,0.0,0.0,0.0,0.0,0.0,0.0,0.0,0.0,0.0
0.0,0.0,0.0,0.0,0.0,0.0,0.0,0.0,0.0,0.0,0.0,0.0,0.0,0.0,0.0,0.0,0.0,0.0,0.0,0.0
0.0,0.0,0.0,0.0,0.0,0.0,0.0,0.0,0.0,0.0,0.0,0.0,0.0,0.0,0.0,0.0,0.0,0.0,0.0,0.0
0.0,0.0,0.0,0.0,0.0,0.0,0.0,0.0,0.0,0.0,0.0,0.0,0.0,0.0,0.0,0.0,0.0,0.0,0.0,0.0
0.0,0.0,0.0,0.0,0.0,0.0,0.0,0.0,0.0,0.0,0.0,0.0,0.0,0.0,0.0,0.0,0.0,0.0,0.0,0.0
v=chr11:76138879-76140879	h=chr11:76138879-76140879	resolution=100	axis=1,1
128.0,66.0,28.0,39.0,20.0,3.0,3.0,1.0,1.0,0.0,0.0,0.0,0.0,0.0,0.0,0.0,0.0,0.0,0.0,0.0
66.0,258.0,74.0,42.0,39.0,20.0,8.0,1.0,1.0,0.0,0.0,0.0,0.0,0.0,0.0,0.0,0.0,0.0,0.0,0.0
28.0,74.0,233.0,74.0,41.0,34.0,18.0,14.0,2.0,2.0,0.0,0.0,0.0,0.0,0.0,0.0,0.0,0.0,0.0,0.0
39.0,42.0,74.0,253.0,54.0,42.0,40.0,23.0,11.0,4.0,1.0,1.0,0.0,0.0,0.0,0.0,0.0,0.0,0.0,0.0
20.0,39.0,41.0,54.0,179.0,30.0,15.0,22.0,14.0,8.0,1.0,2.0,0.0,0.0,0.0,0.0,0.0,0.0,0.0,0.0
3.0,20.0,34.0,42.0,30.0,196.0,71.0,31.0,40.0,23.0,18.0,5.0,1.0,1.0,1.0,0.0,0.0,0.0,0.0,0.0
3.0,8.0,18.0,40.0,15.0,71.0,214.0,72.0,25.0,50.0,60.0,18.0,6.0,3.0,1.0,0.0,0.0,0.0,0.0,0.0
1.0,1.0,14.0,23.0,22.0,31.0,72.0,220.0,65.0,53.0,73.0,22.0,10.0,4.0,2.0,0.0,0.0,0.0,0.0,0.0
1.0,1.0,2.0,11.0,14.0,40.0,25.0,65.0,224.0,61.0,62.0,38.0,21.0,5.0,2.0,0.0,0.0,0.0,0.0,0.0
0.0,0.0,2.0,4.0,8.0,23.0,50.0,53.0,61.0,237.0,116.0,30.0,14.0,12.0,8.0,0.0,0.0,2.0,2.0,0.0
0.0,0.0,0.0,1.0,1.0,18.0,60.0,73.0,62.0,116.0,314.0,73.0,31.0,31.0,15.0,6.0,0.0,4.0,2.0,0.0
0.0,0.0,0.0,1.0,2.0,5.0,18.0,22.0,38.0,30.0,73.0,187.0,53.0,33.0,35.0,22.0,8.0,7.0,1.0,0.0
0.0,0.0,0.0,0.0,0.0,1.0,6.0,10.0,21.0,14.0,31.0,53.0,125.0,39.0,18.0,19.0,15.0,11.0,6.0,0.0
0.0,0.0,0.0,0.0,0.0,1.0,3.0,4.0,5.0,12.0,31.0,33.0,39.0,149.0,38.0,27.0,40.0,15.0,9.0,0.0
0.0,0.0,0.0,0.0,0.0,1.0,1.0,2.0,2.0,8.0,15.0,35.0,18.0,38.0,130.0,35.0,38.0,20.0,12.0,5.0
0.0,0.0,0.0,0.0,0.0,0.0,0.0,0.0,0.0,0.0,6.0,22.0,19.0,27.0,35.0,129.0,46.0,25.0,26.0,16.0
0.0,0.0,0.0,0.0,0.0,0.0,0.0,0.0,0.0,0.0,0.0,8.0,15.0,40.0,38.0,46.0,178.0,65.0,49.0,37.0
0.0,0.0,0.0,0.0,0.0,0.0,0.0,0.0,0.0,2.0,4.0,7.0,11.0,15.0,20.0,25.0,65.0,178.0,72.0,42.0
0.0,0.0,0.0,0.0,0.0,0.0,0.0,0.0,0.0,2.0,2.0,1.0,6.0,9.0,12.0,26.0,49.0,72.0,173.0,58.0
0.0,0.0,0.0,0.0,0.0,0.0,0.0,0.0,0.0,0.0,0.0,0.0,0.0,0.0,5.0,16.0,37.0,42.0,58.0,180.0
#sv
chr3	106178797	-	chr11	31230228	+	.	37	23	10011507_1	99.0	.	BX=CCGGCAAGTAGGCTCC-1_1,AGCCGTGCACCAACCG-1_1,GATGAGGGTAAACCTC-1_2,GGGTCTGAGTGTCCAT-1_1,ACGCCAGCAATTAAGG-1_1,AGGCGAATCCTATTCA-1_1,CACCAAAAGGAAAGGT-1_1,CATGGCGGTCGTTGGC-1_2,TCGAATGTCCGTCTAC-1_1,GTCCAAAGTTAGAATG-1_2,ATCTCCGTCGACGAAG-1_3,CGATGGCAGGATGTCG-1_1,ATGGGAGCAGTGTAGG-1_5,GGACAGAAGTCTCGGC-1_1,TTCCATAAGCCCGTGT-1_1,TCAACGATCTGAGTAC-1_1,TTCTCCTCAGGGTCAA-1_1,CATATGGTCGTTATCT-1_1,CTGCTGTCAATCGCAT-1_1,CTTATACAGTACCTGT-1_1,AACGTTGGTAGCAAAT-1_1,ACGTATGGTCAAGCGA-1_1,AGGGAACCACACTAAC-1_1,AGCGTATTCTTTCCTC-1_2,TTCGCTGGTGGAAAGA-1_1,GCCGGATAGCTGCATT-1_1,TACTCGCGTGCACCAC-1_1,ACACCAACACAACGGA-1_3,GTGCAGCTCTATGGTG-1_1,GTACGTATCTGAAGCT-1_1,CATCGTCGTCCTGGAC-1_1,GTTCGAAGTACTAGGG-1_1,TGACTTTTCTATGGCA-1_1,GAGCTCGAGGAGCGAG-1_2;DISC_MAPQ=60;EVDNC=ASDIS;HOMSEQ=G;MAPQ=60;MATEID=10011507_2;MATENM=0;NM=1;NUMPARTS=2;SCTG=c_11_31213001_31238001_77C;SPAN=-1;SVTYPE=BND;TOOL=svaba;GENOTYPE=OC001B.bam(GT:0/0 AD:0 DP:25 GQ:6.9 PL:[0.0, 6.9, 75.9] SR:0 DR:0 LR:7.024 LO:0.0),OC001T.bam(GT:1/1 AD:50 DP:28 GQ:13.8 PL:[151.8, 13.8, 0.0] SR:23 DR:37 LR:-151.8 LO:151.8);ALT=[chr11:31230228[g;VARTYPE=BND:TRX-hh;JOINTYPE=hh	.
#heatmap	linkage_type=Pair End
v=chr3:106177797-106179797	h=chr3:106177797-106179797	resolution=100	axis=0,0
25.0,25.0,1.0,6.0,5.0,1.0,0.0,0.0,0.0,0.0,0.0,0.0,0.0,0.0,0.0,0.0,0.0,0.0,0.0,0.0
25.0,115.0,49.0,16.0,26.0,11.0,4.0,0.0,0.0,0.0,0.0,0.0,0.0,0.0,0.0,0.0,0.0,0.0,0.0,0.0
1.0,49.0,126.0,25.0,28.0,21.0,20.0,6.0,0.0,0.0,1.0,1.0,0.0,0.0,0.0,0.0,0.0,0.0,0.0,0.0
6.0,16.0,25.0,100.0,42.0,19.0,25.0,16.0,3.0,2.0,0.0,0.0,0.0,0.0,0.0,0.0,0.0,0.0,0.0,0.0
5.0,26.0,28.0,42.0,136.0,44.0,32.0,34.0,11.0,8.0,4.0,0.0,0.0,0.0,0.0,0.0,0.0,0.0,0.0,0.0
1.0,11.0,21.0,19.0,44.0,97.0,38.0,22.0,18.0,5.0,2.0,2.0,0.0,0.0,0.0,0.0,0.0,0.0,0.0,0.0
0.0,4.0,20.0,25.0,32.0,38.0,102.0,42.0,6.0,12.0,7.0,3.0,1.0,3.0,0.0,0.0,0.0,0.0,0.0,0.0
0.0,0.0,6.0,16.0,34.0,22.0,42.0,104.0,31.0,17.0,13.0,10.0,1.0,0.0,0.0,0.0,0.0,0.0,0.0,0.0
0.0,0.0,0.0,3.0,11.0,18.0,6.0,31.0,75.0,19.0,15.0,19.0,2.0,6.0,2.0,1.0,0.0,0.0,0.0,0.0
0.0,0.0,0.0,2.0,8.0,5.0,12.0,17.0,19.0,81.0,18.0,23.0,22.0,12.0,2.0,1.0,0.0,0.0,0.0,0.0
0.0,0.0,1.0,0.0,4.0,2.0,7.0,13.0,15.0,18.0,86.0,42.0,9.0,21.0,10.0,7.0,2.0,0.0,0.0,0.0
0.0,0.0,1.0,0.0,0.0,2.0,3.0,10.0,19.0,23.0,42.0,135.0,33.0,26.0,21.0,13.0,8.0,4.0,0.0,0.0
0.0,0.0,0.0,0.0,0.0,0.0,1.0,1.0,2.0,22.0,9.0,33.0,132.0,48.0,29.0,27.0,15.0,7.0,0.0,0.0
0.0,0.0,0.0,0.0,0.0,0.0,3.0,0.0,6.0,12.0,21.0,26.0,48.0,191.0,66.0,44.0,44.0,24.0,13.0,2.0
0.0,0.0,0.0,0.0,0.0,0.0,0.0,0.0,2.0,2.0,10.0,21.0,29.0,66.0,159.0,60.0,39.0,34.0,29.0,7.0
0.0,0.0,0.0,0.0,0.0,0.0,0.0,0.0,1.0,1.0,7.0,13.0,27.0,44.0,60.0,211.0,83.0,41.0,66.0,24.0
0.0,0.0,0.0,0.0,0.0,0.0,0.0,0.0,0.0,0.0,2.0,8.0,15.0,44.0,39.0,83.0,221.0,73.0,58.0,44.0
0.0,0.0,0.0,0.0,0.0,0.0,0.0,0.0,0.0,0.0,0.0,4.0,7.0,24.0,34.0,41.0,73.0,159.0,39.0,20.0
0.0,0.0,0.0,0.0,0.0,0.0,0.0,0.0,0.0,0.0,0.0,0.0,0.0,13.0,29.0,66.0,58.0,39.0,180.0,44.0
0.0,0.0,0.0,0.0,0.0,0.0,0.0,0.0,0.0,0.0,0.0,0.0,0.0,2.0,7.0,24.0,44.0,20.0,44.0,135.0
v=chr3:106177797-106179797	h=chr11:31229228-31231228	resolution=100	axis=1,0
0.0,0.0,0.0,0.0,0.0,0.0,0.0,0.0,0.0,0.0,0.0,0.0,0.0,0.0,0.0,0.0,0.0,0.0,0.0,0.0
0.0,0.0,0.0,0.0,0.0,0.0,0.0,0.0,0.0,0.0,0.0,0.0,0.0,0.0,0.0,0.0,0.0,0.0,0.0,0.0
0.0,0.0,0.0,0.0,0.0,0.0,0.0,0.0,0.0,0.0,0.0,0.0,0.0,0.0,0.0,0.0,0.0,0.0,0.0,0.0
0.0,0.0,0.0,0.0,0.0,0.0,0.0,0.0,0.0,0.0,0.0,0.0,0.0,0.0,0.0,0.0,0.0,0.0,0.0,0.0
0.0,0.0,0.0,0.0,0.0,0.0,0.0,0.0,0.0,0.0,0.0,0.0,0.0,0.0,0.0,0.0,0.0,0.0,0.0,0.0
0.0,0.0,0.0,0.0,0.0,0.0,0.0,0.0,0.0,0.0,0.0,0.0,0.0,0.0,0.0,0.0,0.0,0.0,0.0,0.0
0.0,0.0,0.0,0.0,0.0,0.0,0.0,0.0,0.0,0.0,0.0,0.0,0.0,0.0,0.0,0.0,0.0,0.0,0.0,0.0
0.0,0.0,0.0,0.0,0.0,0.0,0.0,0.0,0.0,0.0,0.0,0.0,0.0,0.0,0.0,0.0,0.0,0.0,0.0,0.0
0.0,0.0,0.0,0.0,0.0,0.0,0.0,0.0,0.0,0.0,0.0,0.0,0.0,0.0,0.0,0.0,0.0,0.0,0.0,0.0
0.0,0.0,0.0,0.0,0.0,0.0,0.0,0.0,0.0,0.0,0.0,0.0,0.0,0.0,0.0,0.0,0.0,0.0,0.0,0.0
0.0,0.0,0.0,0.0,0.0,0.0,0.0,0.0,0.0,0.0,0.0,0.0,0.0,0.0,0.0,0.0,0.0,0.0,0.0,0.0
0.0,0.0,0.0,0.0,0.0,0.0,0.0,0.0,0.0,0.0,0.0,13.0,5.0,7.0,5.0,0.0,1.0,0.0,0.0,0.0
0.0,0.0,0.0,0.0,0.0,0.0,0.0,0.0,0.0,0.0,0.0,12.0,13.0,5.0,1.0,1.0,0.0,0.0,0.0,0.0
0.0,0.0,0.0,0.0,0.0,0.0,0.0,0.0,0.0,0.0,0.0,12.0,6.0,6.0,0.0,1.0,1.0,0.0,0.0,0.0
0.0,0.0,0.0,0.0,0.0,0.0,0.0,0.0,0.0,0.0,0.0,2.0,0.0,1.0,0.0,0.0,0.0,0.0,0.0,0.0
0.0,0.0,0.0,0.0,0.0,0.0,0.0,0.0,0.0,0.0,0.0,4.0,0.0,0.0,0.0,0.0,0.0,0.0,0.0,0.0
0.0,0.0,0.0,0.0,0.0,0.0,0.0,0.0,0.0,0.0,0.0,1.0,0.0,0.0,0.0,0.0,0.0,0.0,0.0,0.0
0.0,0.0,0.0,0.0,0.0,0.0,0.0,0.0,0.0,0.0,0.0,1.0,0.0,0.0,0.0,0.0,0.0,0.0,0.0,0.0
0.0,0.0,0.0,0.0,0.0,0.0,0.0,0.0,0.0,0.0,0.0,0.0,0.0,0.0,0.0,0.0,0.0,0.0,0.0,0.0
0.0,0.0,0.0,0.0,0.0,0.0,0.0,0.0,0.0,0.0,0.0,0.0,0.0,0.0,0.0,0.0,0.0,0.0,0.0,0.0
v=chr11:31229228-31231228	h=chr3:106177797-106179797	resolution=100	axis=0,1
0.0,0.0,0.0,0.0,0.0,0.0,0.0,0.0,0.0,0.0,0.0,0.0,0.0,0.0,0.0,0.0,0.0,0.0,0.0,0.0
0.0,0.0,0.0,0.0,0.0,0.0,0.0,0.0,0.0,0.0,0.0,0.0,0.0,0.0,0.0,0.0,0.0,0.0,0.0,0.0
0.0,0.0,0.0,0.0,0.0,0.0,0.0,0.0,0.0,0.0,0.0,0.0,0.0,0.0,0.0,0.0,0.0,0.0,0.0,0.0
0.0,0.0,0.0,0.0,0.0,0.0,0.0,0.0,0.0,0.0,0.0,0.0,0.0,0.0,0.0,0.0,0.0,0.0,0.0,0.0
0.0,0.0,0.0,0.0,0.0,0.0,0.0,0.0,0.0,0.0,0.0,0.0,0.0,0.0,0.0,0.0,0.0,0.0,0.0,0.0
0.0,0.0,0.0,0.0,0.0,0.0,0.0,0.0,0.0,0.0,0.0,0.0,0.0,0.0,0.0,0.0,0.0,0.0,0.0,0.0
0.0,0.0,0.0,0.0,0.0,0.0,0.0,0.0,0.0,0.0,0.0,0.0,0.0,0.0,0.0,0.0,0.0,0.0,0.0,0.0
0.0,0.0,0.0,0.0,0.0,0.0,0.0,0.0,0.0,0.0,0.0,0.0,0.0,0.0,0.0,0.0,0.0,0.0,0.0,0.0
0.0,0.0,0.0,0.0,0.0,0.0,0.0,0.0,0.0,0.0,0.0,0.0,0.0,0.0,0.0,0.0,0.0,0.0,0.0,0.0
0.0,0.0,0.0,0.0,0.0,0.0,0.0,0.0,0.0,0.0,0.0,0.0,0.0,0.0,0.0,0.0,0.0,0.0,0.0,0.0
0.0,0.0,0.0,0.0,0.0,0.0,0.0,0.0,0.0,0.0,0.0,0.0,0.0,0.0,0.0,0.0,0.0,0.0,0.0,0.0
0.0,0.0,0.0,0.0,0.0,0.0,0.0,0.0,0.0,0.0,0.0,13.0,12.0,12.0,2.0,4.0,1.0,1.0,0.0,0.0
0.0,0.0,0.0,0.0,0.0,0.0,0.0,0.0,0.0,0.0,0.0,5.0,13.0,6.0,0.0,0.0,0.0,0.0,0.0,0.0
0.0,0.0,0.0,0.0,0.0,0.0,0.0,0.0,0.0,0.0,0.0,7.0,5.0,6.0,1.0,0.0,0.0,0.0,0.0,0.0
0.0,0.0,0.0,0.0,0.0,0.0,0.0,0.0,0.0,0.0,0.0,5.0,1.0,0.0,0.0,0.0,0.0,0.0,0.0,0.0
0.0,0.0,0.0,0.0,0.0,0.0,0.0,0.0,0.0,0.0,0.0,0.0,1.0,1.0,0.0,0.0,0.0,0.0,0.0,0.0
0.0,0.0,0.0,0.0,0.0,0.0,0.0,0.0,0.0,0.0,0.0,1.0,0.0,1.0,0.0,0.0,0.0,0.0,0.0,0.0
0.0,0.0,0.0,0.0,0.0,0.0,0.0,0.0,0.0,0.0,0.0,0.0,0.0,0.0,0.0,0.0,0.0,0.0,0.0,0.0
0.0,0.0,0.0,0.0,0.0,0.0,0.0,0.0,0.0,0.0,0.0,0.0,0.0,0.0,0.0,0.0,0.0,0.0,0.0,0.0
0.0,0.0,0.0,0.0,0.0,0.0,0.0,0.0,0.0,0.0,0.0,0.0,0.0,0.0,0.0,0.0,0.0,0.0,0.0,0.0
v=chr11:31229228-31231228	h=chr11:31229228-31231228	resolution=100	axis=1,1
49.0,20.0,7.0,5.0,4.0,2.0,2.0,0.0,0.0,0.0,0.0,0.0,0.0,0.0,0.0,0.0,0.0,0.0,0.0,0.0
20.0,79.0,36.0,8.0,9.0,7.0,6.0,4.0,0.0,0.0,0.0,0.0,0.0,0.0,0.0,0.0,0.0,0.0,0.0,0.0
7.0,36.0,70.0,12.0,9.0,9.0,9.0,4.0,1.0,0.0,0.0,0.0,0.0,0.0,0.0,0.0,0.0,0.0,0.0,0.0
5.0,8.0,12.0,48.0,14.0,9.0,21.0,5.0,3.0,0.0,0.0,0.0,0.0,0.0,0.0,0.0,0.0,0.0,0.0,0.0
4.0,9.0,9.0,14.0,41.0,8.0,14.0,6.0,3.0,3.0,0.0,0.0,0.0,0.0,0.0,0.0,0.0,0.0,0.0,0.0
2.0,7.0,9.0,9.0,8.0,72.0,41.0,18.0,22.0,15.0,2.0,1.0,0.0,1.0,1.0,0.0,0.0,0.0,0.0,0.0
2.0,6.0,9.0,21.0,14.0,41.0,96.0,28.0,16.0,24.0,7.0,1.0,2.0,2.0,1.0,0.0,2.0,1.0,0.0,0.0
0.0,4.0,4.0,5.0,6.0,18.0,28.0,71.0,20.0,21.0,8.0,7.0,3.0,1.0,0.0,0.0,0.0,0.0,0.0,0.0
0.0,0.0,1.0,3.0,3.0,22.0,16.0,20.0,67.0,30.0,5.0,12.0,9.0,4.0,3.0,0.0,0.0,0.0,0.0,0.0
0.0,0.0,0.0,0.0,3.0,15.0,24.0,21.0,30.0,106.0,32.0,31.0,25.0,7.0,3.0,0.0,0.0,0.0,0.0,0.0
0.0,0.0,0.0,0.0,0.0,2.0,7.0,8.0,5.0,32.0,55.0,22.0,13.0,6.0,5.0,2.0,0.0,0.0,0.0,0.0
0.0,0.0,0.0,0.0,0.0,1.0,1.0,7.0,12.0,31.0,22.0,120.0,54.0,14.0,24.0,10.0,1.0,1.0,1.0,0.0
0.0,0.0,0.0,0.0,0.0,0.0,2.0,3.0,9.0,25.0,13.0,54.0,137.0,40.0,37.0,24.0,12.0,2.0,1.0,0.0
0.0,0.0,0.0,0.0,0.0,1.0,2.0,1.0,4.0,7.0,6.0,14.0,40.0,121.0,58.0,29.0,26.0,16.0,8.0,0.0
0.0,0.0,0.0,0.0,0.0,1.0,1.0,0.0,3.0,3.0,5.0,24.0,37.0,58.0,151.0,44.0,19.0,34.0,26.0,7.0
0.0,0.0,0.0,0.0,0.0,0.0,0.0,0.0,0.0,0.0,2.0,10.0,24.0,29.0,44.0,110.0,27.0,27.0,20.0,9.0
0.0,0.0,0.0,0.0,0.0,0.0,2.0,0.0,0.0,0.0,0.0,1.0,12.0,26.0,19.0,27.0,98.0,41.0,20.0,24.0
0.0,0.0,0.0,0.0,0.0,0.0,1.0,0.0,0.0,0.0,0.0,1.0,2.0,16.0,34.0,27.0,41.0,122.0,37.0,23.0
0.0,0.0,0.0,0.0,0.0,0.0,0.0,0.0,0.0,0.0,0.0,1.0,1.0,8.0,26.0,20.0,20.0,37.0,109.0,36.0
0.0,0.0,0.0,0.0,0.0,0.0,0.0,0.0,0.0,0.0,0.0,0.0,0.0,0.0,7.0,9.0,24.0,23.0,36.0,106.0
#sv
chr3	186327788	+	chr3	119049964	+	.	0	37	4082317_1	99.0	.	BX=GCCACTTAGGCATTTC-1_1,CCAATCCAGTATCTCG-1_1,GTGGCACTCCCAACGG-1_1,AGGCGAAGTCGTTGGC-1_2,TACTTGTTCGTGGTCG-1_1,TGCCCTAGTGAAATCA-1_1,GGCAATTTCGTATCAG-1_2,CTGGTCTAGCTCGCTG-1_1,CTGTAAGTCTTCACGC-1_1,ATGCGGCCAAACCGAG-1_2,ATCTATCGTAACGACG-1_2,GTTGCCTGTAAGAGAG-1_1,GACACATTCAACGATC-1_1,CTATCTAGTCTTACCC-1_2,GGGCCATGTCAACCGC-1_2,CTCACACGTACGAAAT-1_1,ACACCGGAGTGGACAC-1_1,GAGATGGAGCAGTCTT-1_1,CCACCTAAGTGAGAAG-1_1,GTTTGAGTCACGACGC-1_2,AGTAGTCAGACAGATT-1_1,ATGCGGCGTCTCAACA-1_1,CGGTGACTCGAGAAGC-1_1,CTACCCACACTTGGAT-1_1,CGCAAGCAGCACAGGT-1_1,GCTCTGTGTTGCGGCT-1_1,TCGAAACCAACGCACC-1_1;EVDNC=ASSMB;HOMSEQ=TGA;MAPQ=60;MATEID=4082317_2;MATENM=0;NM=0;NUMPARTS=2;SCTG=c_3_186322501_186347501_50C;SPAN=67277824;SVTYPE=BND;TOOL=svaba;GENOTYPE=OC001B.bam(GT:0/0 AD:0 DP:19 GQ:5.1 PL:[0.0, 5.1, 56.1] SR:0 DR:0 LR:5.338 LO:0.0),OC001T.bam(GT:0/1 AD:37 DP:54 GQ:27.8 PL:[107.0, 0.0, 27.8] SR:37 DR:0 LR:-109.5 LO:109.5);ALT=]chr3:186327788]T;VARTYPE=BND:DUP-th;JOINTYPE=th	.
#heatmap	linkage_type=Pair End
v=chr3:119048964-119050964	h=chr3:119048964-119050964	resolution=100	axis=0,0
100.0,50.0,21.0,27.0,17.0,8.0,2.0,2.0,0.0,0.0,0.0,0.0,0.0,0.0,0.0,0.0,0.0,0.0,0.0,0.0
50.0,171.0,45.0,35.0,36.0,27.0,10.0,5.0,3.0,0.0,0.0,0.0,0.0,0.0,0.0,0.0,0.0,0.0,0.0,0.0
21.0,45.0,207.0,45.0,38.0,54.0,31.0,21.0,6.0,1.0,0.0,2.0,0.0,0.0,0.0,0.0,0.0,0.0,0.0,0.0
27.0,35.0,45.0,193.0,58.0,36.0,44.0,16.0,5.0,5.0,2.0,1.0,0.0,0.0,0.0,0.0,0.0,0.0,0.0,0.0
17.0,36.0,38.0,58.0,179.0,51.0,37.0,32.0,15.0,7.0,3.0,1.0,2.0,0.0,0.0,0.0,0.0,0.0,0.0,0.0
8.0,27.0,54.0,36.0,51.0,210.0,80.0,40.0,37.0,28.0,4.0,3.0,3.0,0.0,0.0,0.0,0.0,0.0,0.0,0.0
2.0,10.0,31.0,44.0,37.0,80.0,217.0,84.0,42.0,42.0,20.0,9.0,4.0,1.0,0.0,0.0,0.0,0.0,0.0,0.0
2.0,5.0,21.0,16.0,32.0,40.0,84.0,217.0,72.0,36.0,50.0,24.0,16.0,6.0,2.0,0.0,0.0,0.0,0.0,0.0
0.0,3.0,6.0,5.0,15.0,37.0,42.0,72.0,191.0,63.0,34.0,35.0,33.0,15.0,7.0,1.0,0.0,0.0,0.0,0.0
0.0,0.0,1.0,5.0,7.0,28.0,42.0,36.0,63.0,215.0,73.0,45.0,37.0,27.0,20.0,8.0,2.0,1.0,0.0,0.0
0.0,0.0,0.0,2.0,3.0,4.0,20.0,50.0,34.0,73.0,197.0,60.0,37.0,47.0,26.0,6.0,0.0,0.0,1.0,0.0
0.0,0.0,2.0,1.0,1.0,3.0,9.0,24.0,35.0,45.0,60.0,231.0,90.0,54.0,34.0,20.0,6.0,1.0,1.0,0.0
0.0,0.0,0.0,0.0,2.0,3.0,4.0,16.0,33.0,37.0,37.0,90.0,248.0,92.0,33.0,41.0,27.0,7.0,4.0,0.0
0.0,0.0,0.0,0.0,0.0,0.0,1.0,6.0,15.0,27.0,47.0,54.0,92.0,258.0,108.0,35.0,37.0,19.0,16.0,4.0
0.0,0.0,0.0,0.0,0.0,0.0,0.0,2.0,7.0,20.0,26.0,34.0,33.0,108.0,244.0,91.0,61.0,55.0,16.0,7.0
0.0,0.0,0.0,0.0,0.0,0.0,0.0,0.0,1.0,8.0,6.0,20.0,41.0,35.0,91.0,207.0,85.0,42.0,44.0,18.0
0.0,0.0,0.0,0.0,0.0,0.0,0.0,0.0,0.0,2.0,0.0,6.0,27.0,37.0,61.0,85.0,208.0,66.0,52.0,34.0
0.0,0.0,0.0,0.0,0.0,0.0,0.0,0.0,0.0,1.0,0.0,1.0,7.0,19.0,55.0,42.0,66.0,181.0,37.0,30.0
0.0,0.0,0.0,0.0,0.0,0.0,0.0,0.0,0.0,0.0,1.0,1.0,4.0,16.0,16.0,44.0,52.0,37.0,182.0,44.0
0.0,0.0,0.0,0.0,0.0,0.0,0.0,0.0,0.0,0.0,0.0,0.0,0.0,4.0,7.0,18.0,34.0,30.0,44.0,134.0
v=chr3:119048964-119050964	h=chr3:186326788-186328788	resolution=100	axis=1,0
0.0,0.0,0.0,0.0,0.0,0.0,0.0,0.0,0.0,0.0,0.0,0.0,0.0,0.0,0.0,0.0,0.0,0.0,0.0,0.0
0.0,0.0,0.0,0.0,0.0,0.0,0.0,0.0,0.0,0.0,0.0,0.0,0.0,0.0,0.0,0.0,0.0,0.0,0.0,0.0
0.0,0.0,0.0,0.0,0.0,0.0,0.0,0.0,0.0,0.0,0.0,0.0,0.0,0.0,0.0,0.0,0.0,0.0,0.0,0.0
0.0,0.0,0.0,0.0,0.0,0.0,0.0,0.0,0.0,0.0,0.0,0.0,0.0,0.0,0.0,0.0,0.0,0.0,0.0,0.0
0.0,0.0,0.0,0.0,0.0,0.0,0.0,0.0,0.0,0.0,0.0,0.0,0.0,0.0,0.0,0.0,0.0,0.0,0.0,0.0
0.0,0.0,0.0,0.0,0.0,0.0,0.0,0.0,0.0,0.0,0.0,0.0,0.0,0.0,0.0,0.0,0.0,0.0,0.0,0.0
0.0,0.0,0.0,0.0,0.0,0.0,0.0,0.0,0.0,0.0,0.0,0.0,0.0,0.0,0.0,0.0,0.0,0.0,0.0,0.0
0.0,0.0,0.0,0.0,0.0,0.0,0.0,0.0,0.0,0.0,0.0,0.0,0.0,0.0,0.0,0.0,0.0,0.0,0.0,0.0
0.0,0.0,0.0,0.0,0.0,0.0,0.0,0.0,0.0,0.0,0.0,0.0,0.0,0.0,0.0,0.0,0.0,0.0,0.0,0.0
0.0,0.0,0.0,0.0,0.0,0.0,0.0,0.0,0.0,0.0,0.0,0.0,0.0,0.0,0.0,0.0,0.0,0.0,0.0,0.0
0.0,0.0,0.0,0.0,0.0,0.0,0.0,0.0,0.0,0.0,0.0,0.0,0.0,0.0,0.0,0.0,0.0,0.0,0.0,0.0
0.0,0.0,0.0,0.0,0.0,0.0,1.0,7.0,3.0,8.0,7.0,0.0,0.0,0.0,0.0,0.0,0.0,0.0,0.0,0.0
0.0,0.0,0.0,0.0,0.0,0.0,1.0,3.0,5.0,7.0,14.0,0.0,0.0,0.0,0.0,0.0,0.0,0.0,0.0,0.0
0.0,0.0,0.0,0.0,0.0,0.0,0.0,1.0,0.0,5.0,15.0,0.0,0.0,0.0,0.0,0.0,0.0,0.0,0.0,0.0
0.0,0.0,0.0,0.0,0.0,0.0,0.0,0.0,0.0,3.0,4.0,0.0,0.0,0.0,0.0,0.0,0.0,0.0,0.0,0.0
0.0,0.0,0.0,0.0,0.0,0.0,0.0,0.0,0.0,1.0,2.0,0.0,0.0,0.0,0.0,0.0,0.0,0.0,0.0,0.0
0.0,0.0,0.0,0.0,0.0,0.0,0.0,0.0,0.0,0.0,1.0,0.0,0.0,0.0,0.0,0.0,0.0,0.0,0.0,0.0
0.0,0.0,0.0,0.0,0.0,0.0,0.0,0.0,0.0,0.0,0.0,0.0,0.0,0.0,0.0,0.0,0.0,0.0,0.0,0.0
0.0,0.0,0.0,0.0,0.0,0.0,0.0,0.0,0.0,0.0,0.0,0.0,0.0,0.0,0.0,0.0,0.0,0.0,0.0,0.0
0.0,0.0,0.0,0.0,0.0,0.0,0.0,0.0,0.0,0.0,0.0,0.0,0.0,0.0,0.0,0.0,0.0,0.0,0.0,0.0
v=chr3:186326788-186328788	h=chr3:119048964-119050964	resolution=100	axis=0,1
0.0,0.0,0.0,0.0,0.0,0.0,0.0,0.0,0.0,0.0,0.0,0.0,0.0,0.0,0.0,0.0,0.0,0.0,0.0,0.0
0.0,0.0,0.0,0.0,0.0,0.0,0.0,0.0,0.0,0.0,0.0,0.0,0.0,0.0,0.0,0.0,0.0,0.0,0.0,0.0
0.0,0.0,0.0,0.0,0.0,0.0,0.0,0.0,0.0,0.0,0.0,0.0,0.0,0.0,0.0,0.0,0.0,0.0,0.0,0.0
0.0,0.0,0.0,0.0,0.0,0.0,0.0,0.0,0.0,0.0,0.0,0.0,0.0,0.0,0.0,0.0,0.0,0.0,0.0,0.0
0.0,0.0,0.0,0.0,0.0,0.0,0.0,0.0,0.0,0.0,0.0,0.0,0.0,0.0,0.0,0.0,0.0,0.0,0.0,0.0
0.0,0.0,0.0,0.0,0.0,0.0,0.0,0.0,0.0,0.0,0.0,0.0,0.0,0.0,0.0,0.0,0.0,0.0,0.0,0.0
0.0,0.0,0.0,0.0,0.0,0.0,0.0,0.0,0.0,0.0,0.0,1.0,1.0,0.0,0.0,0.0,0.0,0.0,0.0,0.0
0.0,0.0,0.0,0.0,0.0,0.0,0.0,0.0,0.0,0.0,0.0,7.0,3.0,1.0,0.0,0.0,0.0,0.0,0.0,0.0
0.0,0.0,0.0,0.0,0.0,0.0,0.0,0.0,0.0,0.0,0.0,3.0,5.0,0.0,0.0,0.0,0.0,0.0,0.0,0.0
0.0,0.0,0.0,0.0,0.0,0.0,0.0,0.0,0.0,0.0,0.0,8.0,7.0,5.0,3.0,1.0,0.0,0.0,0.0,0.0
0.0,0.0,0.0,0.0,0.0,0.0,0.0,0.0,0.0,0.0,0.0,7.0,14.0,15.0,4.0,2.0,1.0,0.0,0.0,0.0
0.0,0.0,0.0,0.0,0.0,0.0,0.0,0.0,0.0,0.0,0.0,0.0,0.0,0.0,0.0,0.0,0.0,0.0,0.0,0.0
0.0,0.0,0.0,0.0,0.0,0.0,0.0,0.0,0.0,0.0,0.0,0.0,0.0,0.0,0.0,0.0,0.0,0.0,0.0,0.0
0.0,0.0,0.0,0.0,0.0,0.0,0.0,0.0,0.0,0.0,0.0,0.0,0.0,0.0,0.0,0.0,0.0,0.0,0.0,0.0
0.0,0.0,0.0,0.0,0.0,0.0,0.0,0.0,0.0,0.0,0.0,0.0,0.0,0.0,0.0,0.0,0.0,0.0,0.0,0.0
0.0,0.0,0.0,0.0,0.0,0.0,0.0,0.0,0.0,0.0,0.0,0.0,0.0,0.0,0.0,0.0,0.0,0.0,0.0,0.0
0.0,0.0,0.0,0.0,0.0,0.0,0.0,0.0,0.0,0.0,0.0,0.0,0.0,0.0,0.0,0.0,0.0,0.0,0.0,0.0
0.0,0.0,0.0,0.0,0.0,0.0,0.0,0.0,0.0,0.0,0.0,0.0,0.0,0.0,0.0,0.0,0.0,0.0,0.0,0.0
0.0,0.0,0.0,0.0,0.0,0.0,0.0,0.0,0.0,0.0,0.0,0.0,0.0,0.0,0.0,0.0,0.0,0.0,0.0,0.0
0.0,0.0,0.0,0.0,0.0,0.0,0.0,0.0,0.0,0.0,0.0,0.0,0.0,0.0,0.0,0.0,0.0,0.0,0.0,0.0
v=chr3:186326788-186328788	h=chr3:186326788-186328788	resolution=100	axis=1,1
52.0,38.0,12.0,9.0,9.0,6.0,1.0,0.0,0.0,0.0,0.0,0.0,0.0,0.0,0.0,0.0,0.0,0.0,0.0,0.0
38.0,242.0,99.0,54.0,52.0,38.0,10.0,8.0,3.0,0.0,1.0,0.0,0.0,0.0,0.0,0.0,0.0,0.0,0.0,0.0
12.0,99.0,233.0,78.0,41.0,45.0,20.0,9.0,5.0,1.0,0.0,0.0,0.0,0.0,0.0,0.0,0.0,0.0,0.0,0.0
9.0,54.0,78.0,221.0,71.0,31.0,24.0,14.0,13.0,10.0,1.0,0.0,0.0,0.0,0.0,0.0,0.0,0.0,0.0,0.0
9.0,52.0,41.0,71.0,204.0,73.0,32.0,41.0,20.0,12.0,2.0,1.0,0.0,0.0,0.0,0.0,0.0,0.0,0.0,0.0
6.0,38.0,45.0,31.0,73.0,251.0,68.0,62.0,64.0,32.0,5.0,2.0,0.0,0.0,0.0,0.0,0.0,0.0,0.0,0.0
1.0,10.0,20.0,24.0,32.0,68.0,222.0,64.0,72.0,64.0,19.0,4.0,0.0,0.0,0.0,0.0,0.0,0.0,0.0,0.0
0.0,8.0,9.0,14.0,41.0,62.0,64.0,232.0,104.0,38.0,48.0,17.0,6.0,2.0,1.0,0.0,0.0,0.0,0.0,0.0
0.0,3.0,5.0,13.0,20.0,64.0,72.0,104.0,263.0,109.0,49.0,29.0,17.0,3.0,0.0,0.0,0.0,0.0,0.0,0.0
0.0,0.0,1.0,10.0,12.0,32.0,64.0,38.0,109.0,225.0,60.0,21.0,27.0,20.0,3.0,1.0,0.0,0.0,0.0,0.0
0.0,1.0,0.0,1.0,2.0,5.0,19.0,48.0,49.0,60.0,171.0,34.0,23.0,32.0,7.0,3.0,1.0,0.0,0.0,0.0
0.0,0.0,0.0,0.0,1.0,2.0,4.0,17.0,29.0,21.0,34.0,113.0,39.0,27.0,26.0,20.0,4.0,1.0,0.0,0.0
0.0,0.0,0.0,0.0,0.0,0.0,0.0,6.0,17.0,27.0,23.0,39.0,113.0,49.0,29.0,23.0,3.0,5.0,2.0,0.0
0.0,0.0,0.0,0.0,0.0,0.0,0.0,2.0,3.0,20.0,32.0,27.0,49.0,111.0,35.0,26.0,13.0,7.0,5.0,1.0
0.0,0.0,0.0,0.0,0.0,0.0,0.0,1.0,0.0,3.0,7.0,26.0,29.0,35.0,114.0,42.0,19.0,21.0,11.0,3.0
0.0,0.0,0.0,0.0,0.0,0.0,0.0,0.0,0.0,1.0,3.0,20.0,23.0,26.0,42.0,98.0,32.0,20.0,17.0,7.0
0.0,0.0,0.0,0.0,0.0,0.0,0.0,0.0,0.0,0.0,1.0,4.0,3.0,13.0,19.0,32.0,90.0,33.0,17.0,17.0
0.0,0.0,0.0,0.0,0.0,0.0,0.0,0.0,0.0,0.0,0.0,1.0,5.0,7.0,21.0,20.0,33.0,126.0,42.0,31.0
0.0,0.0,0.0,0.0,0.0,0.0,0.0,0.0,0.0,0.0,0.0,0.0,2.0,5.0,11.0,17.0,17.0,42.0,108.0,40.0
0.0,0.0,0.0,0.0,0.0,0.0,0.0,0.0,0.0,0.0,0.0,0.0,0.0,1.0,3.0,7.0,17.0,31.0,40.0,132.0
#sv
chr5	44532859	+	chr12	19373619	+	.	0	29	10751927_1	79.0	.	BX=TGCAACATCGGCACCA-1_1,CATCAAGTCCAAACTG-1_1,CGTCCATTCTAATGGC-1_1,GAAGTCTAGGCAGTCA-1_2,CTACCTGCATGTAAGA-1_1,TCGTAGATCAAGATCC-1_1,GGACTTATCCTCGCAT-1_2,TCGACGGAGGGTGAAA-1_1,CGATAACGTCCAGTAT-1_1,TGTAGTGGTAGGGATC-1_1,CGACTCTCAAGCCATT-1_2,ACCACCTAGAACTCCT-1_1,GGAAAGCCAGAACAGC-1_1,CGCTATCCAAGAAAGG-1_1,TTTGAGGAGGGAACGG-1_1,CTGGTCTGTACTACAC-1_1,GATTCAGTCAACAGTC-1_1,TCGGAATTCTGCTGTC-1_1,AGCGGTCAGGCTAGCA-1_1,AGGAAGCCAGAACAGC-1_1,CCAACTCTCGGGCACT-1_1,CATCGTCGTCACCAGC-1_2,AAGCTACGTTTCCTGC-1_1,CTGCGAGCATATGCGT-1_1;EVDNC=ASSMB;HOMSEQ=TATT;MAPQ=60;MATEID=10751927_2;MATENM=0;NM=0;NUMPARTS=2;SCTG=c_12_19355001_19380001_17C;SPAN=-1;SVTYPE=BND;TOOL=svaba;GENOTYPE=OC001B.bam(GT:0/0 AD:0 DP:35 GQ:9.6 PL:[0.0, 9.6, 105.6] SR:0 DR:0 LR:9.834 LO:0.0),OC001T.bam(GT:0/1 AD:29 DP:57 GQ:63.2 PL:[79.7, 0.0, 63.2] SR:29 DR:0 LR:-79.81 LO:79.81);ALT=T[chr12:19373619[;VARTYPE=BND:TRX-th;JOINTYPE=th	.
chr12	19373868	+	chr5	44529751	+	.	0	26	5255583_1	71.0	.	BX=CTCTGTGGTCGCGGTT-1_1,TGTCTCGGTCCTCCAT-1_1,GGCAATTAGGTAACGC-1_3,ACCTTCGGTACGGTGA-1_1,CCAACTCTCGGGCACT-1_1,TTTGAGGAGGGAACGG-1_1,CCAGGGTTCTATCCAT-1_1,GATTCAGTCAACAGTC-1_1,TCGTAGATCAAGATCC-1_1,TTTGTCATCCTTAATC-1_1,TGCAACATCGGCACCA-1_2,CTGCGAGCATATGCGT-1_1,GAGCCGTGTCGTTGGC-1_1,CAGCCGAAGGACACCA-1_1,GGACTTATCCTCGCAT-1_2,ATCACTTCATGACATC-1_1,GAGCAGATCGACGGAA-1_1,TGGAGCCCAATGGGAC-1_2,GGAAAGCCAGAACAGC-1_1,ATGTGTGAGAGAGAGT-1_1,CTGGTCTGTACTACAC-1_1;EVDNC=ASSMB;HOMSEQ=A;MAPQ=60;MATEID=5255583_2;MATENM=0;NM=0;NUMPARTS=2;SCTG=c_5_44516501_44541501_73C;SPAN=-1;SVTYPE=BND;TOOL=svaba;GENOTYPE=OC001B.bam(GT:0/0 AD:0 DP:24 GQ:6.6 PL:[0.0, 6.6, 72.6] SR:0 DR:0 LR:6.743 LO:0.0),OC001T.bam(GT:0/1 AD:26 DP:52 GQ:58.1 PL:[71.3, 0.0, 58.1] SR:26 DR:0 LR:-71.27 LO:71.27);ALT=]chr12:19373868]a;VARTYPE=BND:TRX-ht;JOINTYPE=ht	.
#heatmap	linkage_type=Pair End
v=chr5:44528751-44533859	h=chr5:44528751-44533859	resolution=100	axis=0,0
58.0,32.0,20.0,18.0,7.0,3.0,2.0,0.0,0.0,0.0,0.0,0.0,0.0,0.0,0.0,0.0,0.0,0.0,0.0,0.0,0.0,0.0,0.0,0.0,0.0,0.0,0.0,0.0,0.0,0.0,0.0,0.0,0.0,0.0,0.0,0.0,0.0,0.0,0.0,0.0,0.0,0.0,0.0,0.0,0.0,0.0,0.0,0.0,0.0,0.0,0.0
32.0,108.0,41.0,30.0,15.0,9.0,3.0,2.0,3.0,1.0,0.0,0.0,0.0,0.0,0.0,0.0,0.0,0.0,0.0,0.0,0.0,0.0,0.0,0.0,0.0,0.0,0.0,0.0,0.0,0.0,0.0,0.0,0.0,0.0,0.0,0.0,0.0,0.0,0.0,0.0,0.0,0.0,0.0,0.0,0.0,0.0,0.0,0.0,0.0,0.0,0.0
20.0,41.0,106.0,39.0,22.0,15.0,9.0,1.0,3.0,1.0,0.0,0.0,0.0,0.0,0.0,0.0,0.0,0.0,0.0,0.0,0.0,0.0,0.0,0.0,0.0,0.0,0.0,0.0,0.0,0.0,0.0,0.0,0.0,0.0,0.0,0.0,0.0,0.0,0.0,0.0,0.0,0.0,0.0,0.0,0.0,0.0,0.0,0.0,0.0,0.0,0.0
18.0,30.0,39.0,92.0,17.0,26.0,11.0,7.0,3.0,0.0,0.0,0.0,0.0,0.0,0.0,0.0,0.0,0.0,0.0,0.0,0.0,0.0,0.0,0.0,0.0,0.0,0.0,0.0,0.0,0.0,0.0,0.0,0.0,0.0,0.0,0.0,0.0,0.0,0.0,0.0,0.0,0.0,0.0,0.0,0.0,0.0,0.0,0.0,0.0,0.0,0.0
7.0,15.0,22.0,17.0,77.0,22.0,11.0,15.0,10.0,1.0,1.0,0.0,0.0,0.0,0.0,0.0,0.0,0.0,0.0,0.0,0.0,0.0,0.0,0.0,0.0,0.0,0.0,0.0,0.0,0.0,0.0,0.0,0.0,0.0,0.0,0.0,0.0,0.0,0.0,0.0,0.0,0.0,0.0,0.0,0.0,0.0,0.0,0.0,0.0,0.0,0.0
3.0,9.0,15.0,26.0,22.0,104.0,38.0,26.0,23.0,8.0,3.0,0.0,0.0,0.0,0.0,0.0,0.0,0.0,0.0,0.0,0.0,0.0,0.0,0.0,0.0,0.0,0.0,0.0,0.0,0.0,0.0,0.0,0.0,0.0,0.0,0.0,0.0,0.0,0.0,0.0,0.0,0.0,0.0,0.0,0.0,0.0,0.0,0.0,0.0,0.0,0.0
2.0,3.0,9.0,11.0,11.0,38.0,100.0,43.0,28.0,22.0,9.0,5.0,3.0,0.0,0.0,0.0,0.0,0.0,0.0,0.0,0.0,0.0,0.0,0.0,0.0,0.0,0.0,0.0,0.0,0.0,0.0,0.0,0.0,0.0,0.0,0.0,0.0,0.0,0.0,0.0,0.0,0.0,0.0,0.0,0.0,0.0,0.0,0.0,0.0,0.0,0.0
0.0,2.0,1.0,7.0,15.0,26.0,43.0,94.0,44.0,27.0,10.0,5.0,3.0,2.0,1.0,0.0,0.0,0.0,0.0,0.0,0.0,0.0,0.0,0.0,0.0,0.0,0.0,0.0,0.0,0.0,0.0,0.0,0.0,0.0,0.0,0.0,0.0,0.0,0.0,0.0,0.0,0.0,0.0,0.0,0.0,0.0,0.0,0.0,0.0,0.0,0.0
0.0,3.0,3.0,3.0,10.0,23.0,28.0,44.0,113.0,42.0,19.0,15.0,9.0,4.0,4.0,0.0,1.0,0.0,0.0,0.0,0.0,0.0,0.0,0.0,0.0,0.0,0.0,0.0,0.0,0.0,0.0,0.0,0.0,0.0,0.0,0.0,0.0,0.0,0.0,0.0,0.0,0.0,0.0,0.0,0.0,0.0,0.0,0.0,0.0,0.0,0.0
0.0,1.0,1.0,0.0,1.0,8.0,22.0,27.0,42.0,137.0,62.0,30.0,32.0,26.0,9.0,3.0,0.0,0.0,0.0,0.0,0.0,0.0,0.0,0.0,0.0,0.0,0.0,0.0,0.0,0.0,0.0,0.0,0.0,0.0,0.0,0.0,0.0,0.0,0.0,0.0,0.0,0.0,0.0,0.0,0.0,0.0,0.0,0.0,0.0,0.0,0.0
0.0,0.0,0.0,0.0,1.0,3.0,9.0,10.0,19.0,62.0,128.0,44.0,30.0,43.0,31.0,11.0,1.0,0.0,1.0,1.0,0.0,0.0,0.0,0.0,0.0,0.0,0.0,0.0,0.0,0.0,0.0,0.0,0.0,0.0,0.0,0.0,0.0,0.0,0.0,0.0,0.0,0.0,0.0,0.0,0.0,0.0,0.0,0.0,0.0,0.0,0.0
0.0,0.0,0.0,0.0,0.0,0.0,5.0,5.0,15.0,30.0,44.0,168.0,63.0,43.0,57.0,29.0,9.0,0.0,0.0,1.0,1.0,0.0,1.0,0.0,0.0,0.0,0.0,0.0,0.0,0.0,0.0,0.0,0.0,0.0,0.0,0.0,0.0,0.0,0.0,0.0,1.0,2.0,0.0,0.0,0.0,0.0,0.0,0.0,0.0,0.0,0.0
0.0,0.0,0.0,0.0,0.0,0.0,3.0,3.0,9.0,32.0,30.0,63.0,211.0,70.0,70.0,49.0,24.0,6.0,5.0,3.0,1.0,0.0,0.0,0.0,0.0,0.0,0.0,0.0,0.0,0.0,0.0,0.0,0.0,0.0,0.0,0.0,0.0,0.0,0.0,2.0,1.0,1.0,0.0,0.0,0.0,0.0,0.0,0.0,0.0,0.0,0.0
0.0,0.0,0.0,0.0,0.0,0.0,0.0,2.0,4.0,26.0,43.0,43.0,70.0,205.0,103.0,49.0,38.0,13.0,13.0,10.0,0.0,0.0,0.0,0.0,0.0,0.0,0.0,0.0,0.0,0.0,0.0,0.0,0.0,0.0,0.0,0.0,0.0,0.0,0.0,0.0,0.0,0.0,0.0,0.0,0.0,0.0,0.0,0.0,0.0,0.0,0.0
0.0,0.0,0.0,0.0,0.0,0.0,0.0,1.0,4.0,9.0,31.0,57.0,70.0,103.0,271.0,104.0,44.0,40.0,20.0,8.0,0.0,1.0,1.0,0.0,0.0,0.0,0.0,0.0,0.0,0.0,0.0,0.0,0.0,0.0,0.0,0.0,0.0,0.0,0.0,0.0,0.0,1.0,0.0,0.0,0.0,0.0,0.0,0.0,0.0,0.0,0.0
0.0,0.0,0.0,0.0,0.0,0.0,0.0,0.0,0.0,3.0,11.0,29.0,49.0,49.0,104.0,226.0,72.0,30.0,31.0,17.0,9.0,1.0,1.0,2.0,0.0,0.0,0.0,0.0,0.0,0.0,0.0,0.0,0.0,0.0,0.0,0.0,0.0,0.0,0.0,0.0,0.0,0.0,0.0,0.0,0.0,0.0,0.0,0.0,0.0,0.0,0.0
0.0,0.0,0.0,0.0,0.0,0.0,0.0,0.0,1.0,0.0,1.0,9.0,24.0,38.0,44.0,72.0,179.0,48.0,33.0,36.0,17.0,7.0,1.0,3.0,0.0,0.0,0.0,0.0,0.0,0.0,0.0,0.0,0.0,0.0,0.0,0.0,0.0,0.0,0.0,0.0,0.0,0.0,0.0,0.0,0.0,0.0,0.0,0.0,0.0,0.0,0.0
0.0,0.0,0.0,0.0,0.0,0.0,0.0,0.0,0.0,0.0,0.0,0.0,6.0,13.0,40.0,30.0,48.0,218.0,77.0,63.0,62.0,28.0,8.0,7.0,2.0,1.0,0.0,0.0,0.0,0.0,0.0,0.0,0.0,0.0,0.0,0.0,0.0,0.0,0.0,1.0,0.0,0.0,0.0,0.0,0.0,0.0,0.0,0.0,0.0,0.0,0.0
0.0,0.0,0.0,0.0,0.0,0.0,0.0,0.0,0.0,0.0,1.0,0.0,5.0,13.0,20.0,31.0,33.0,77.0,199.0,68.0,50.0,36.0,19.0,7.0,3.0,1.0,1.0,0.0,0.0,0.0,0.0,0.0,0.0,0.0,0.0,0.0,0.0,0.0,0.0,0.0,0.0,0.0,0.0,0.0,0.0,0.0,0.0,0.0,0.0,0.0,0.0
0.0,0.0,0.0,0.0,0.0,0.0,0.0,0.0,0.0,0.0,1.0,1.0,3.0,10.0,8.0,17.0,36.0,63.0,68.0,196.0,67.0,31.0,21.0,18.0,10.0,3.0,1.0,0.0,0.0,0.0,0.0,0.0,0.0,0.0,0.0,0.0,0.0,0.0,0.0,0.0,0.0,0.0,0.0,0.0,0.0,0.0,0.0,0.0,0.0,0.0,0.0
0.0,0.0,0.0,0.0,0.0,0.0,0.0,0.0,0.0,0.0,0.0,1.0,1.0,0.0,0.0,9.0,17.0,62.0,50.0,67.0,195.0,64.0,26.0,25.0,21.0,16.0,3.0,1.0,1.0,0.0,0.0,0.0,0.0,0.0,0.0,0.0,0.0,0.0,0.0,0.0,0.0,0.0,0.0,0.0,0.0,0.0,0.0,0.0,0.0,0.0,0.0
0.0,0.0,0.0,0.0,0.0,0.0,0.0,0.0,0.0,0.0,0.0,0.0,0.0,0.0,1.0,1.0,7.0,28.0,36.0,31.0,64.0,203.0,63.0,44.0,27.0,32.0,16.0,18.0,7.0,1.0,0.0,0.0,0.0,0.0,0.0,0.0,0.0,0.0,0.0,0.0,0.0,0.0,0.0,0.0,0.0,0.0,0.0,0.0,0.0,0.0,0.0
0.0,0.0,0.0,0.0,0.0,0.0,0.0,0.0,0.0,0.0,0.0,1.0,0.0,0.0,1.0,1.0,1.0,8.0,19.0,21.0,26.0,63.0,215.0,81.0,40.0,57.0,31.0,20.0,10.0,0.0,1.0,1.0,0.0,0.0,0.0,0.0,0.0,0.0,0.0,0.0,0.0,0.0,0.0,0.0,0.0,0.0,0.0,1.0,0.0,0.0,0.0
0.0,0.0,0.0,0.0,0.0,0.0,0.0,0.0,0.0,0.0,0.0,0.0,0.0,0.0,0.0,2.0,3.0,7.0,7.0,18.0,25.0,44.0,81.0,204.0,52.0,53.0,40.0,15.0,15.0,2.0,2.0,1.0,0.0,0.0,0.0,0.0,0.0,0.0,0.0,0.0,0.0,0.0,0.0,0.0,0.0,0.0,0.0,0.0,0.0,0.0,0.0
0.0,0.0,0.0,0.0,0.0,0.0,0.0,0.0,0.0,0.0,0.0,0.0,0.0,0.0,0.0,0.0,0.0,2.0,3.0,10.0,21.0,27.0,40.0,52.0,168.0,57.0,30.0,25.0,15.0,12.0,7.0,2.0,1.0,0.0,0.0,0.0,0.0,0.0,0.0,0.0,0.0,0.0,0.0,0.0,0.0,0.0,0.0,1.0,0.0,0.0,0.0
0.0,0.0,0.0,0.0,0.0,0.0,0.0,0.0,0.0,0.0,0.0,0.0,0.0,0.0,0.0,0.0,0.0,1.0,1.0,3.0,16.0,32.0,57.0,53.0,57.0,199.0,63.0,23.0,24.0,20.0,7.0,6.0,3.0,2.0,0.0,0.0,0.0,0.0,0.0,0.0,0.0,1.0,0.0,0.0,0.0,0.0,0.0,0.0,0.0,0.0,0.0
0.0,0.0,0.0,0.0,0.0,0.0,0.0,0.0,0.0,0.0,0.0,0.0,0.0,0.0,0.0,0.0,0.0,0.0,1.0,1.0,3.0,16.0,31.0,40.0,30.0,63.0,180.0,54.0,21.0,22.0,19.0,10.0,7.0,3.0,0.0,0.0,0.0,0.0,0.0,0.0,0.0,1.0,0.0,0.0,0.0,0.0,0.0,0.0,0.0,0.0,0.0
0.0,0.0,0.0,0.0,0.0,0.0,0.0,0.0,0.0,0.0,0.0,0.0,0.0,0.0,0.0,0.0,0.0,0.0,0.0,0.0,1.0,18.0,20.0,15.0,25.0,23.0,54.0,149.0,42.0,19.0,30.0,13.0,11.0,2.0,0.0,0.0,0.0,0.0,0.0,0.0,0.0,0.0,0.0,0.0,0.0,0.0,0.0,0.0,0.0,0.0,0.0
0.0,0.0,0.0,0.0,0.0,0.0,0.0,0.0,0.0,0.0,0.0,0.0,0.0,0.0,0.0,0.0,0.0,0.0,0.0,0.0,1.0,7.0,10.0,15.0,15.0,24.0,21.0,42.0,129.0,34.0,23.0,12.0,9.0,2.0,0.0,0.0,1.0,0.0,0.0,0.0,0.0,0.0,0.0,0.0,0.0,0.0,0.0,0.0,0.0,0.0,0.0
0.0,0.0,0.0,0.0,0.0,0.0,0.0,0.0,0.0,0.0,0.0,0.0,0.0,0.0,0.0,0.0,0.0,0.0,0.0,0.0,0.0,1.0,0.0,2.0,12.0,20.0,22.0,19.0,34.0,105.0,41.0,15.0,21.0,8.0,3.0,1.0,0.0,0.0,0.0,0.0,0.0,0.0,0.0,0.0,0.0,0.0,0.0,0.0,0.0,0.0,0.0
0.0,0.0,0.0,0.0,0.0,0.0,0.0,0.0,0.0,0.0,0.0,0.0,0.0,0.0,0.0,0.0,0.0,0.0,0.0,0.0,0.0,0.0,1.0,2.0,7.0,7.0,19.0,30.0,23.0,41.0,118.0,31.0,17.0,18.0,9.0,5.0,1.0,0.0,0.0,0.0,0.0,0.0,0.0,0.0,0.0,0.0,0.0,0.0,0.0,0.0,0.0
0.0,0.0,0.0,0.0,0.0,0.0,0.0,0.0,0.0,0.0,0.0,0.0,0.0,0.0,0.0,0.0,0.0,0.0,0.0,0.0,0.0,0.0,1.0,1.0,2.0,6.0,10.0,13.0,12.0,15.0,31.0,113.0,34.0,25.0,22.0,17.0,12.0,1.0,1.0,0.0,0.0,0.0,0.0,0.0,0.0,0.0,0.0,0.0,0.0,0.0,0.0
0.0,0.0,0.0,0.0,0.0,0.0,0.0,0.0,0.0,0.0,0.0,0.0,0.0,0.0,0.0,0.0,0.0,0.0,0.0,0.0,0.0,0.0,0.0,0.0,1.0,3.0,7.0,11.0,9.0,21.0,17.0,34.0,114.0,40.0,19.0,22.0,10.0,7.0,3.0,3.0,1.0,0.0,0.0,0.0,0.0,0.0,0.0,0.0,0.0,0.0,0.0
0.0,0.0,0.0,0.0,0.0,0.0,0.0,0.0,0.0,0.0,0.0,0.0,0.0,0.0,0.0,0.0,0.0,0.0,0.0,0.0,0.0,0.0,0.0,0.0,0.0,2.0,3.0,2.0,2.0,8.0,18.0,25.0,40.0,126.0,37.0,23.0,24.0,21.0,10.0,2.0,0.0,0.0,0.0,0.0,0.0,0.0,0.0,0.0,0.0,0.0,0.0
0.0,0.0,0.0,0.0,0.0,0.0,0.0,0.0,0.0,0.0,0.0,0.0,0.0,0.0,0.0,0.0,0.0,0.0,0.0,0.0,0.0,0.0,0.0,0.0,0.0,0.0,0.0,0.0,0.0,3.0,9.0,22.0,19.0,37.0,122.0,42.0,20.0,23.0,25.0,6.0,3.0,3.0,0.0,0.0,0.0,0.0,0.0,0.0,0.0,0.0,0.0
0.0,0.0,0.0,0.0,0.0,0.0,0.0,0.0,0.0,0.0,0.0,0.0,0.0,0.0,0.0,0.0,0.0,0.0,0.0,0.0,0.0,0.0,0.0,0.0,0.0,0.0,0.0,0.0,0.0,1.0,5.0,17.0,22.0,23.0,42.0,150.0,51.0,28.0,37.0,28.0,11.0,4.0,1.0,0.0,0.0,0.0,0.0,0.0,0.0,0.0,0.0
0.0,0.0,0.0,0.0,0.0,0.0,0.0,0.0,0.0,0.0,0.0,0.0,0.0,0.0,0.0,0.0,0.0,0.0,0.0,0.0,0.0,0.0,0.0,0.0,0.0,0.0,0.0,0.0,1.0,0.0,1.0,12.0,10.0,24.0,20.0,51.0,155.0,51.0,33.0,40.0,26.0,8.0,1.0,0.0,0.0,0.0,0.0,0.0,0.0,0.0,0.0
0.0,0.0,0.0,0.0,0.0,0.0,0.0,0.0,0.0,0.0,0.0,0.0,0.0,0.0,0.0,0.0,0.0,0.0,0.0,0.0,0.0,0.0,0.0,0.0,0.0,0.0,0.0,0.0,0.0,0.0,0.0,1.0,7.0,21.0,23.0,28.0,51.0,165.0,50.0,29.0,40.0,15.0,5.0,3.0,0.0,0.0,0.0,0.0,0.0,0.0,0.0
0.0,0.0,0.0,0.0,0.0,0.0,0.0,0.0,0.0,0.0,0.0,0.0,0.0,0.0,0.0,0.0,0.0,0.0,0.0,0.0,0.0,0.0,0.0,0.0,0.0,0.0,0.0,0.0,0.0,0.0,0.0,1.0,3.0,10.0,25.0,37.0,33.0,50.0,176.0,61.0,39.0,35.0,7.0,5.0,0.0,0.0,0.0,0.0,0.0,1.0,0.0
0.0,0.0,0.0,0.0,0.0,0.0,0.0,0.0,0.0,0.0,0.0,0.0,2.0,0.0,0.0,0.0,0.0,1.0,0.0,0.0,0.0,0.0,0.0,0.0,0.0,0.0,0.0,0.0,0.0,0.0,0.0,0.0,3.0,2.0,6.0,28.0,40.0,29.0,61.0,186.0,58.0,40.0,22.0,12.0,10.0,5.0,2.0,1.0,0.0,0.0,0.0
0.0,0.0,0.0,0.0,0.0,0.0,0.0,0.0,0.0,0.0,0.0,1.0,1.0,0.0,0.0,0.0,0.0,0.0,0.0,0.0,0.0,0.0,0.0,0.0,0.0,0.0,0.0,0.0,0.0,0.0,0.0,0.0,1.0,0.0,3.0,11.0,26.0,40.0,39.0,58.0,200.0,53.0,30.0,43.0,19.0,9.0,2.0,1.0,1.0,1.0,0.0
0.0,0.0,0.0,0.0,0.0,0.0,0.0,0.0,0.0,0.0,0.0,2.0,1.0,0.0,1.0,0.0,0.0,0.0,0.0,0.0,0.0,0.0,0.0,0.0,0.0,1.0,1.0,0.0,0.0,0.0,0.0,0.0,0.0,0.0,3.0,4.0,8.0,15.0,35.0,40.0,53.0,149.0,26.0,27.0,20.0,4.0,0.0,0.0,0.0,1.0,0.0
0.0,0.0,0.0,0.0,0.0,0.0,0.0,0.0,0.0,0.0,0.0,0.0,0.0,0.0,0.0,0.0,0.0,0.0,0.0,0.0,0.0,0.0,0.0,0.0,0.0,0.0,0.0,0.0,0.0,0.0,0.0,0.0,0.0,0.0,0.0,1.0,1.0,5.0,7.0,22.0,30.0,26.0,98.0,41.0,16.0,16.0,9.0,2.0,2.0,0.0,0.0
0.0,0.0,0.0,0.0,0.0,0.0,0.0,0.0,0.0,0.0,0.0,0.0,0.0,0.0,0.0,0.0,0.0,0.0,0.0,0.0,0.0,0.0,0.0,0.0,0.0,0.0,0.0,0.0,0.0,0.0,0.0,0.0,0.0,0.0,0.0,0.0,0.0,3.0,5.0,12.0,43.0,27.0,41.0,124.0,39.0,25.0,18.0,12.0,8.0,1.0,0.0
0.0,0.0,0.0,0.0,0.0,0.0,0.0,0.0,0.0,0.0,0.0,0.0,0.0,0.0,0.0,0.0,0.0,0.0,0.0,0.0,0.0,0.0,0.0,0.0,0.0,0.0,0.0,0.0,0.0,0.0,0.0,0.0,0.0,0.0,0.0,0.0,0.0,0.0,0.0,10.0,19.0,20.0,16.0,39.0,105.0,30.0,18.0,21.0,13.0,3.0,2.0
0.0,0.0,0.0,0.0,0.0,0.0,0.0,0.0,0.0,0.0,0.0,0.0,0.0,0.0,0.0,0.0,0.0,0.0,0.0,0.0,0.0,0.0,0.0,0.0,0.0,0.0,0.0,0.0,0.0,0.0,0.0,0.0,0.0,0.0,0.0,0.0,0.0,0.0,0.0,5.0,9.0,4.0,16.0,25.0,30.0,116.0,44.0,32.0,20.0,15.0,6.0
0.0,0.0,0.0,0.0,0.0,0.0,0.0,0.0,0.0,0.0,0.0,0.0,0.0,0.0,0.0,0.0,0.0,0.0,0.0,0.0,0.0,0.0,0.0,0.0,0.0,0.0,0.0,0.0,0.0,0.0,0.0,0.0,0.0,0.0,0.0,0.0,0.0,0.0,0.0,2.0,2.0,0.0,9.0,18.0,18.0,44.0,104.0,28.0,15.0,30.0,19.0
0.0,0.0,0.0,0.0,0.0,0.0,0.0,0.0,0.0,0.0,0.0,0.0,0.0,0.0,0.0,0.0,0.0,0.0,0.0,0.0,0.0,0.0,1.0,0.0,1.0,0.0,0.0,0.0,0.0,0.0,0.0,0.0,0.0,0.0,0.0,0.0,0.0,0.0,0.0,1.0,1.0,0.0,2.0,12.0,21.0,32.0,28.0,108.0,33.0,29.0,21.0
0.0,0.0,0.0,0.0,0.0,0.0,0.0,0.0,0.0,0.0,0.0,0.0,0.0,0.0,0.0,0.0,0.0,0.0,0.0,0.0,0.0,0.0,0.0,0.0,0.0,0.0,0.0,0.0,0.0,0.0,0.0,0.0,0.0,0.0,0.0,0.0,0.0,0.0,0.0,0.0,1.0,0.0,2.0,8.0,13.0,20.0,15.0,33.0,112.0,38.0,24.0
0.0,0.0,0.0,0.0,0.0,0.0,0.0,0.0,0.0,0.0,0.0,0.0,0.0,0.0,0.0,0.0,0.0,0.0,0.0,0.0,0.0,0.0,0.0,0.0,0.0,0.0,0.0,0.0,0.0,0.0,0.0,0.0,0.0,0.0,0.0,0.0,0.0,0.0,1.0,0.0,1.0,1.0,0.0,1.0,3.0,15.0,30.0,29.0,38.0,154.0,64.0
0.0,0.0,0.0,0.0,0.0,0.0,0.0,0.0,0.0,0.0,0.0,0.0,0.0,0.0,0.0,0.0,0.0,0.0,0.0,0.0,0.0,0.0,0.0,0.0,0.0,0.0,0.0,0.0,0.0,0.0,0.0,0.0,0.0,0.0,0.0,0.0,0.0,0.0,0.0,0.0,0.0,0.0,0.0,0.0,2.0,6.0,19.0,21.0,24.0,64.0,140.0
v=chr5:44528751-44533859	h=chr12:19372619-19374868	resolution=100	axis=1,0
0.0,0.0,0.0,0.0,0.0,0.0,0.0,0.0,0.0,0.0,0.0,0.0,0.0,0.0,0.0,0.0,0.0,0.0,0.0,0.0,0.0,0.0
0.0,0.0,0.0,0.0,0.0,0.0,0.0,0.0,0.0,0.0,0.0,0.0,0.0,0.0,0.0,0.0,0.0,0.0,0.0,0.0,0.0,0.0
0.0,0.0,0.0,0.0,0.0,0.0,0.0,0.0,0.0,0.0,0.0,0.0,0.0,0.0,0.0,0.0,0.0,0.0,0.0,0.0,0.0,0.0
0.0,0.0,0.0,0.0,0.0,0.0,0.0,0.0,0.0,0.0,0.0,0.0,0.0,0.0,0.0,0.0,0.0,0.0,0.0,0.0,0.0,0.0
0.0,0.0,0.0,0.0,0.0,0.0,0.0,0.0,0.0,0.0,0.0,0.0,0.0,0.0,0.0,0.0,0.0,0.0,0.0,0.0,0.0,0.0
0.0,0.0,0.0,0.0,0.0,0.0,0.0,0.0,0.0,0.0,0.0,0.0,0.0,0.0,0.0,0.0,0.0,0.0,0.0,0.0,0.0,0.0
0.0,0.0,0.0,0.0,0.0,0.0,0.0,0.0,0.0,0.0,0.0,0.0,0.0,0.0,0.0,0.0,0.0,0.0,0.0,0.0,0.0,0.0
0.0,0.0,0.0,0.0,0.0,0.0,0.0,0.0,0.0,0.0,0.0,0.0,0.0,0.0,0.0,0.0,0.0,0.0,0.0,0.0,0.0,0.0
0.0,0.0,0.0,0.0,0.0,0.0,0.0,0.0,0.0,0.0,0.0,0.0,0.0,0.0,0.0,0.0,0.0,0.0,0.0,0.0,0.0,0.0
0.0,0.0,0.0,0.0,0.0,0.0,0.0,0.0,0.0,0.0,0.0,0.0,0.0,0.0,0.0,0.0,0.0,0.0,0.0,0.0,0.0,0.0
0.0,0.0,0.0,0.0,0.0,0.0,0.0,0.0,0.0,0.0,0.0,0.0,0.0,0.0,0.0,0.0,0.0,0.0,0.0,0.0,0.0,0.0
0.0,0.0,0.0,0.0,0.0,0.0,0.0,0.0,0.0,0.0,0.0,9.0,6.0,0.0,0.0,0.0,0.0,0.0,0.0,0.0,0.0,0.0
0.0,0.0,0.0,0.0,0.0,0.0,0.0,0.0,0.0,0.0,0.0,2.0,11.0,0.0,0.0,0.0,0.0,0.0,0.0,0.0,0.0,0.0
0.0,0.0,0.0,0.0,0.0,0.0,0.0,0.0,0.0,0.0,0.0,0.0,1.0,0.0,0.0,0.0,0.0,0.0,0.0,0.0,0.0,0.0
0.0,0.0,0.0,0.0,0.0,0.0,0.0,0.0,0.0,0.0,0.0,2.0,7.0,0.0,0.0,0.0,0.0,0.0,0.0,0.0,0.0,0.0
0.0,0.0,0.0,0.0,0.0,0.0,0.0,0.0,0.0,0.0,0.0,3.0,5.0,0.0,0.0,0.0,0.0,0.0,0.0,0.0,0.0,0.0
0.0,0.0,0.0,0.0,0.0,0.0,0.0,0.0,0.0,0.0,0.0,0.0,2.0,0.0,0.0,0.0,0.0,0.0,0.0,0.0,0.0,0.0
0.0,0.0,0.0,0.0,0.0,0.0,0.0,0.0,0.0,0.0,0.0,0.0,2.0,0.0,0.0,0.0,0.0,0.0,0.0,0.0,0.0,0.0
0.0,0.0,0.0,0.0,0.0,0.0,0.0,0.0,0.0,0.0,0.0,0.0,0.0,0.0,0.0,0.0,0.0,0.0,0.0,0.0,0.0,0.0
0.0,0.0,0.0,0.0,0.0,0.0,0.0,0.0,0.0,0.0,0.0,0.0,0.0,0.0,0.0,0.0,0.0,0.0,0.0,0.0,0.0,0.0
0.0,0.0,0.0,0.0,0.0,0.0,0.0,0.0,0.0,0.0,0.0,0.0,0.0,0.0,0.0,0.0,0.0,0.0,0.0,0.0,0.0,0.0
0.0,0.0,0.0,0.0,0.0,0.0,0.0,0.0,0.0,0.0,0.0,0.0,0.0,0.0,0.0,0.0,0.0,0.0,0.0,0.0,0.0,0.0
0.0,0.0,0.0,0.0,0.0,0.0,0.0,0.0,0.0,0.0,0.0,0.0,0.0,0.0,0.0,0.0,0.0,0.0,0.0,0.0,0.0,0.0
0.0,0.0,0.0,0.0,0.0,0.0,0.0,0.0,0.0,0.0,0.0,0.0,0.0,0.0,0.0,0.0,0.0,0.0,0.0,0.0,0.0,0.0
0.0,0.0,0.0,0.0,0.0,0.0,0.0,0.0,0.0,0.0,0.0,0.0,0.0,0.0,0.0,0.0,0.0,0.0,0.0,0.0,0.0,0.0
0.0,0.0,0.0,0.0,0.0,0.0,0.0,0.0,0.0,0.0,0.0,0.0,0.0,0.0,0.0,0.0,0.0,0.0,0.0,0.0,0.0,0.0
0.0,0.0,0.0,0.0,0.0,0.0,0.0,0.0,0.0,0.0,0.0,0.0,0.0,0.0,0.0,0.0,0.0,0.0,0.0,0.0,0.0,0.0
0.0,0.0,0.0,0.0,0.0,0.0,0.0,0.0,0.0,0.0,0.0,0.0,0.0,0.0,0.0,0.0,0.0,0.0,0.0,0.0,0.0,0.0
0.0,0.0,0.0,0.0,0.0,0.0,0.0,0.0,0.0,0.0,0.0,0.0,0.0,0.0,0.0,0.0,0.0,0.0,0.0,0.0,0.0,0.0
0.0,0.0,0.0,0.0,0.0,0.0,0.0,0.0,0.0,0.0,0.0,0.0,0.0,0.0,0.0,0.0,0.0,0.0,0.0,0.0,0.0,0.0
0.0,0.0,0.0,0.0,0.0,0.0,0.0,0.0,0.0,0.0,0.0,0.0,0.0,0.0,0.0,0.0,0.0,0.0,0.0,0.0,0.0,0.0
0.0,0.0,0.0,0.0,0.0,0.0,0.0,0.0,0.0,0.0,0.0,0.0,0.0,0.0,0.0,0.0,0.0,0.0,0.0,0.0,0.0,0.0
0.0,0.0,0.0,0.0,0.0,0.0,0.0,0.0,0.0,0.0,0.0,0.0,0.0,0.0,0.0,0.0,0.0,0.0,0.0,0.0,0.0,0.0
0.0,0.0,0.0,0.0,0.0,0.0,0.0,0.0,0.0,0.0,0.0,0.0,0.0,0.0,0.0,0.0,0.0,0.0,0.0,0.0,0.0,0.0
0.0,0.0,0.0,0.0,0.0,0.0,0.0,0.0,0.0,0.0,0.0,0.0,0.0,0.0,0.0,0.0,0.0,0.0,0.0,0.0,0.0,0.0
0.0,0.0,0.0,0.0,0.0,0.0,0.0,0.0,0.0,0.0,0.0,0.0,0.0,0.0,0.0,0.0,0.0,0.0,0.0,0.0,0.0,0.0
0.0,0.0,0.0,0.0,0.0,0.0,0.0,0.0,0.0,0.0,0.0,1.0,1.0,0.0,0.0,0.0,0.0,0.0,0.0,0.0,0.0,0.0
0.0,0.0,0.0,0.0,0.0,0.0,0.0,0.0,0.0,0.0,0.0,4.0,1.0,0.0,0.0,0.0,0.0,0.0,0.0,0.0,0.0,0.0
0.0,0.0,0.0,0.0,0.0,0.0,0.0,0.0,0.0,0.0,0.0,1.0,1.0,0.0,0.0,0.0,0.0,0.0,0.0,0.0,0.0,0.0
0.0,0.0,0.0,0.0,0.0,0.0,0.0,0.0,0.0,0.0,0.0,4.0,1.0,0.0,0.0,0.0,0.0,0.0,0.0,0.0,0.0,0.0
0.0,0.0,0.0,0.0,0.0,0.0,0.0,0.0,0.0,0.0,0.0,7.0,6.0,0.0,0.0,0.0,0.0,0.0,0.0,0.0,0.0,0.0
0.0,0.0,0.0,0.0,0.0,0.0,0.0,0.0,0.0,0.0,0.0,6.0,9.0,0.0,0.0,0.0,0.0,0.0,0.0,0.0,0.0,0.0
0.0,0.0,0.0,0.0,0.0,0.0,0.0,0.0,0.0,0.0,0.0,0.0,0.0,0.0,0.0,0.0,0.0,0.0,0.0,0.0,0.0,0.0
0.0,0.0,0.0,0.0,0.0,0.0,0.0,0.0,0.0,0.0,0.0,0.0,0.0,0.0,0.0,0.0,0.0,0.0,0.0,0.0,0.0,0.0
0.0,0.0,0.0,0.0,0.0,0.0,0.0,0.0,0.0,0.0,0.0,0.0,0.0,0.0,0.0,0.0,0.0,0.0,0.0,0.0,0.0,0.0
0.0,0.0,0.0,0.0,0.0,0.0,0.0,0.0,0.0,0.0,0.0,0.0,0.0,0.0,0.0,0.0,0.0,0.0,0.0,0.0,0.0,0.0
0.0,0.0,0.0,0.0,0.0,0.0,0.0,0.0,0.0,0.0,0.0,0.0,0.0,0.0,0.0,0.0,0.0,0.0,0.0,0.0,0.0,0.0
0.0,0.0,0.0,0.0,0.0,0.0,0.0,0.0,0.0,0.0,0.0,0.0,0.0,0.0,0.0,0.0,0.0,0.0,0.0,0.0,0.0,0.0
0.0,0.0,0.0,0.0,0.0,0.0,0.0,0.0,0.0,0.0,0.0,0.0,0.0,0.0,0.0,0.0,0.0,0.0,0.0,0.0,0.0,0.0
0.0,0.0,0.0,0.0,0.0,0.0,0.0,0.0,0.0,0.0,0.0,0.0,0.0,0.0,0.0,0.0,0.0,0.0,0.0,0.0,0.0,0.0
0.0,0.0,0.0,0.0,0.0,0.0,0.0,0.0,0.0,0.0,0.0,0.0,0.0,0.0,0.0,0.0,0.0,0.0,0.0,0.0,0.0,0.0
v=chr12:19372619-19374868	h=chr5:44528751-44533859	resolution=100	axis=0,1
0.0,0.0,0.0,0.0,0.0,0.0,0.0,0.0,0.0,0.0,0.0,0.0,0.0,0.0,0.0,0.0,0.0,0.0,0.0,0.0,0.0,0.0,0.0,0.0,0.0,0.0,0.0,0.0,0.0,0.0,0.0,0.0,0.0,0.0,0.0,0.0,0.0,0.0,0.0,0.0,0.0,0.0,0.0,0.0,0.0,0.0,0.0,0.0,0.0,0.0,0.0
0.0,0.0,0.0,0.0,0.0,0.0,0.0,0.0,0.0,0.0,0.0,0.0,0.0,0.0,0.0,0.0,0.0,0.0,0.0,0.0,0.0,0.0,0.0,0.0,0.0,0.0,0.0,0.0,0.0,0.0,0.0,0.0,0.0,0.0,0.0,0.0,0.0,0.0,0.0,0.0,0.0,0.0,0.0,0.0,0.0,0.0,0.0,0.0,0.0,0.0,0.0
0.0,0.0,0.0,0.0,0.0,0.0,0.0,0.0,0.0,0.0,0.0,0.0,0.0,0.0,0.0,0.0,0.0,0.0,0.0,0.0,0.0,0.0,0.0,0.0,0.0,0.0,0.0,0.0,0.0,0.0,0.0,0.0,0.0,0.0,0.0,0.0,0.0,0.0,0.0,0.0,0.0,0.0,0.0,0.0,0.0,0.0,0.0,0.0,0.0,0.0,0.0
0.0,0.0,0.0,0.0,0.0,0.0,0.0,0.0,0.0,0.0,0.0,0.0,0.0,0.0,0.0,0.0,0.0,0.0,0.0,0.0,0.0,0.0,0.0,0.0,0.0,0.0,0.0,0.0,0.0,0.0,0.0,0.0,0.0,0.0,0.0,0.0,0.0,0.0,0.0,0.0,0.0,0.0,0.0,0.0,0.0,0.0,0.0,0.0,0.0,0.0,0.0
0.0,0.0,0.0,0.0,0.0,0.0,0.0,0.0,0.0,0.0,0.0,0.0,0.0,0.0,0.0,0.0,0.0,0.0,0.0,0.0,0.0,0.0,0.0,0.0,0.0,0.0,0.0,0.0,0.0,0.0,0.0,0.0,0.0,0.0,0.0,0.0,0.0,0.0,0.0,0.0,0.0,0.0,0.0,0.0,0.0,0.0,0.0,0.0,0.0,0.0,0.0
0.0,0.0,0.0,0.0,0.0,0.0,0.0,0.0,0.0,0.0,0.0,0.0,0.0,0.0,0.0,0.0,0.0,0.0,0.0,0.0,0.0,0.0,0.0,0.0,0.0,0.0,0.0,0.0,0.0,0.0,0.0,0.0,0.0,0.0,0.0,0.0,0.0,0.0,0.0,0.0,0.0,0.0,0.0,0.0,0.0,0.0,0.0,0.0,0.0,0.0,0.0
0.0,0.0,0.0,0.0,0.0,0.0,0.0,0.0,0.0,0.0,0.0,0.0,0.0,0.0,0.0,0.0,0.0,0.0,0.0,0.0,0.0,0.0,0.0,0.0,0.0,0.0,0.0,0.0,0.0,0.0,0.0,0.0,0.0,0.0,0.0,0.0,0.0,0.0,0.0,0.0,0.0,0.0,0.0,0.0,0.0,0.0,0.0,0.0,0.0,0.0,0.0
0.0,0.0,0.0,0.0,0.0,0.0,0.0,0.0,0.0,0.0,0.0,0.0,0.0,0.0,0.0,0.0,0.0,0.0,0.0,0.0,0.0,0.0,0.0,0.0,0.0,0.0,0.0,0.0,0.0,0.0,0.0,0.0,0.0,0.0,0.0,0.0,0.0,0.0,0.0,0.0,0.0,0.0,0.0,0.0,0.0,0.0,0.0,0.0,0.0,0.0,0.0
0.0,0.0,0.0,0.0,0.0,0.0,0.0,0.0,0.0,0.0,0.0,0.0,0.0,0.0,0.0,0.0,0.0,0.0,0.0,0.0,0.0,0.0,0.0,0.0,0.0,0.0,0.0,0.0,0.0,0.0,0.0,0.0,0.0,0.0,0.0,0.0,0.0,0.0,0.0,0.0,0.0,0.0,0.0,0.0,0.0,0.0,0.0,0.0,0.0,0.0,0.0
0.0,0.0,0.0,0.0,0.0,0.0,0.0,0.0,0.0,0.0,0.0,0.0,0.0,0.0,0.0,0.0,0.0,0.0,0.0,0.0,0.0,0.0,0.0,0.0,0.0,0.0,0.0,0.0,0.0,0.0,0.0,0.0,0.0,0.0,0.0,0.0,0.0,0.0,0.0,0.0,0.0,0.0,0.0,0.0,0.0,0.0,0.0,0.0,0.0,0.0,0.0
0.0,0.0,0.0,0.0,0.0,0.0,0.0,0.0,0.0,0.0,0.0,0.0,0.0,0.0,0.0,0.0,0.0,0.0,0.0,0.0,0.0,0.0,0.0,0.0,0.0,0.0,0.0,0.0,0.0,0.0,0.0,0.0,0.0,0.0,0.0,0.0,0.0,0.0,0.0,0.0,0.0,0.0,0.0,0.0,0.0,0.0,0.0,0.0,0.0,0.0,0.0
0.0,0.0,0.0,0.0,0.0,0.0,0.0,0.0,0.0,0.0,0.0,9.0,2.0,0.0,2.0,3.0,0.0,0.0,0.0,0.0,0.0,0.0,0.0,0.0,0.0,0.0,0.0,0.0,0.0,0.0,0.0,0.0,0.0,0.0,0.0,0.0,1.0,4.0,1.0,4.0,7.0,6.0,0.0,0.0,0.0,0.0,0.0,0.0,0.0,0.0,0.0
0.0,0.0,0.0,0.0,0.0,0.0,0.0,0.0,0.0,0.0,0.0,6.0,11.0,1.0,7.0,5.0,2.0,2.0,0.0,0.0,0.0,0.0,0.0,0.0,0.0,0.0,0.0,0.0,0.0,0.0,0.0,0.0,0.0,0.0,0.0,0.0,1.0,1.0,1.0,1.0,6.0,9.0,0.0,0.0,0.0,0.0,0.0,0.0,0.0,0.0,0.0
0.0,0.0,0.0,0.0,0.0,0.0,0.0,0.0,0.0,0.0,0.0,0.0,0.0,0.0,0.0,0.0,0.0,0.0,0.0,0.0,0.0,0.0,0.0,0.0,0.0,0.0,0.0,0.0,0.0,0.0,0.0,0.0,0.0,0.0,0.0,0.0,0.0,0.0,0.0,0.0,0.0,0.0,0.0,0.0,0.0,0.0,0.0,0.0,0.0,0.0,0.0
0.0,0.0,0.0,0.0,0.0,0.0,0.0,0.0,0.0,0.0,0.0,0.0,0.0,0.0,0.0,0.0,0.0,0.0,0.0,0.0,0.0,0.0,0.0,0.0,0.0,0.0,0.0,0.0,0.0,0.0,0.0,0.0,0.0,0.0,0.0,0.0,0.0,0.0,0.0,0.0,0.0,0.0,0.0,0.0,0.0,0.0,0.0,0.0,0.0,0.0,0.0
0.0,0.0,0.0,0.0,0.0,0.0,0.0,0.0,0.0,0.0,0.0,0.0,0.0,0.0,0.0,0.0,0.0,0.0,0.0,0.0,0.0,0.0,0.0,0.0,0.0,0.0,0.0,0.0,0.0,0.0,0.0,0.0,0.0,0.0,0.0,0.0,0.0,0.0,0.0,0.0,0.0,0.0,0.0,0.0,0.0,0.0,0.0,0.0,0.0,0.0,0.0
0.0,0.0,0.0,0.0,0.0,0.0,0.0,0.0,0.0,0.0,0.0,0.0,0.0,0.0,0.0,0.0,0.0,0.0,0.0,0.0,0.0,0.0,0.0,0.0,0.0,0.0,0.0,0.0,0.0,0.0,0.0,0.0,0.0,0.0,0.0,0.0,0.0,0.0,0.0,0.0,0.0,0.0,0.0,0.0,0.0,0.0,0.0,0.0,0.0,0.0,0.0
0.0,0.0,0.0,0.0,0.0,0.0,0.0,0.0,0.0,0.0,0.0,0.0,0.0,0.0,0.0,0.0,0.0,0.0,0.0,0.0,0.0,0.0,0.0,0.0,0.0,0.0,0.0,0.0,0.0,0.0,0.0,0.0,0.0,0.0,0.0,0.0,0.0,0.0,0.0,0.0,0.0,0.0,0.0,0.0,0.0,0.0,0.0,0.0,0.0,0.0,0.0
0.0,0.0,0.0,0.0,0.0,0.0,0.0,0.0,0.0,0.0,0.0,0.0,0.0,0.0,0.0,0.0,0.0,0.0,0.0,0.0,0.0,0.0,0.0,0.0,0.0,0.0,0.0,0.0,0.0,0.0,0.0,0.0,0.0,0.0,0.0,0.0,0.0,0.0,0.0,0.0,0.0,0.0,0.0,0.0,0.0,0.0,0.0,0.0,0.0,0.0,0.0
0.0,0.0,0.0,0.0,0.0,0.0,0.0,0.0,0.0,0.0,0.0,0.0,0.0,0.0,0.0,0.0,0.0,0.0,0.0,0.0,0.0,0.0,0.0,0.0,0.0,0.0,0.0,0.0,0.0,0.0,0.0,0.0,0.0,0.0,0.0,0.0,0.0,0.0,0.0,0.0,0.0,0.0,0.0,0.0,0.0,0.0,0.0,0.0,0.0,0.0,0.0
0.0,0.0,0.0,0.0,0.0,0.0,0.0,0.0,0.0,0.0,0.0,0.0,0.0,0.0,0.0,0.0,0.0,0.0,0.0,0.0,0.0,0.0,0.0,0.0,0.0,0.0,0.0,0.0,0.0,0.0,0.0,0.0,0.0,0.0,0.0,0.0,0.0,0.0,0.0,0.0,0.0,0.0,0.0,0.0,0.0,0.0,0.0,0.0,0.0,0.0,0.0
0.0,0.0,0.0,0.0,0.0,0.0,0.0,0.0,0.0,0.0,0.0,0.0,0.0,0.0,0.0,0.0,0.0,0.0,0.0,0.0,0.0,0.0,0.0,0.0,0.0,0.0,0.0,0.0,0.0,0.0,0.0,0.0,0.0,0.0,0.0,0.0,0.0,0.0,0.0,0.0,0.0,0.0,0.0,0.0,0.0,0.0,0.0,0.0,0.0,0.0,0.0
v=chr12:19372619-19374868	h=chr12:19372619-19374868	resolution=100	axis=1,1
120.0,64.0,25.0,31.0,12.0,3.0,1.0,0.0,0.0,0.0,0.0,0.0,0.0,0.0,0.0,0.0,0.0,0.0,0.0,1.0,1.0,0.0
64.0,172.0,70.0,47.0,36.0,10.0,3.0,7.0,0.0,0.0,0.0,0.0,0.0,0.0,0.0,0.0,0.0,0.0,0.0,0.0,0.0,0.0
25.0,70.0,164.0,47.0,42.0,26.0,11.0,10.0,2.0,2.0,2.0,0.0,0.0,0.0,0.0,0.0,0.0,0.0,0.0,0.0,0.0,0.0
31.0,47.0,47.0,126.0,37.0,26.0,15.0,6.0,6.0,0.0,1.0,0.0,0.0,0.0,0.0,0.0,0.0,0.0,0.0,0.0,0.0,0.0
12.0,36.0,42.0,37.0,143.0,39.0,23.0,19.0,10.0,2.0,4.0,2.0,0.0,0.0,0.0,0.0,0.0,0.0,0.0,0.0,0.0,0.0
3.0,10.0,26.0,26.0,39.0,145.0,53.0,24.0,37.0,10.0,5.0,2.0,0.0,0.0,0.0,0.0,0.0,0.0,0.0,0.0,0.0,0.0
1.0,3.0,11.0,15.0,23.0,53.0,149.0,59.0,31.0,22.0,22.0,11.0,2.0,1.0,1.0,0.0,0.0,0.0,0.0,0.0,0.0,0.0
0.0,7.0,10.0,6.0,19.0,24.0,59.0,143.0,48.0,22.0,25.0,16.0,3.0,0.0,0.0,0.0,0.0,0.0,0.0,0.0,0.0,0.0
0.0,0.0,2.0,6.0,10.0,37.0,31.0,48.0,133.0,34.0,18.0,20.0,10.0,5.0,1.0,0.0,0.0,0.0,0.0,0.0,0.0,0.0
0.0,0.0,2.0,0.0,2.0,10.0,22.0,22.0,34.0,122.0,36.0,32.0,15.0,10.0,4.0,5.0,1.0,1.0,0.0,0.0,0.0,0.0
0.0,0.0,2.0,1.0,4.0,5.0,22.0,25.0,18.0,36.0,113.0,36.0,18.0,14.0,7.0,4.0,4.0,1.0,0.0,0.0,1.0,1.0
0.0,0.0,0.0,0.0,2.0,2.0,11.0,16.0,20.0,32.0,36.0,194.0,73.0,32.0,40.0,16.0,8.0,3.0,0.0,0.0,0.0,0.0
0.0,0.0,0.0,0.0,0.0,0.0,2.0,3.0,10.0,15.0,18.0,73.0,165.0,45.0,31.0,24.0,14.0,8.0,1.0,0.0,0.0,0.0
0.0,0.0,0.0,0.0,0.0,0.0,1.0,0.0,5.0,10.0,14.0,32.0,45.0,102.0,37.0,16.0,25.0,4.0,4.0,2.0,0.0,0.0
0.0,0.0,0.0,0.0,0.0,0.0,1.0,0.0,1.0,4.0,7.0,40.0,31.0,37.0,143.0,56.0,34.0,30.0,13.0,11.0,4.0,2.0
0.0,0.0,0.0,0.0,0.0,0.0,0.0,0.0,0.0,5.0,4.0,16.0,24.0,16.0,56.0,116.0,34.0,26.0,19.0,14.0,10.0,2.0
0.0,0.0,0.0,0.0,0.0,0.0,0.0,0.0,0.0,1.0,4.0,8.0,14.0,25.0,34.0,34.0,124.0,48.0,16.0,27.0,11.0,4.0
0.0,0.0,0.0,0.0,0.0,0.0,0.0,0.0,0.0,1.0,1.0,3.0,8.0,4.0,30.0,26.0,48.0,136.0,49.0,37.0,37.0,12.0
0.0,0.0,0.0,0.0,0.0,0.0,0.0,0.0,0.0,0.0,0.0,0.0,1.0,4.0,13.0,19.0,16.0,49.0,121.0,43.0,36.0,34.0
1.0,0.0,0.0,0.0,0.0,0.0,0.0,0.0,0.0,0.0,0.0,0.0,0.0,2.0,11.0,14.0,27.0,37.0,43.0,150.0,57.0,42.0
1.0,0.0,0.0,0.0,0.0,0.0,0.0,0.0,0.0,0.0,1.0,0.0,0.0,0.0,4.0,10.0,11.0,37.0,36.0,57.0,144.0,62.0
0.0,0.0,0.0,0.0,0.0,0.0,0.0,0.0,0.0,0.0,1.0,0.0,0.0,0.0,2.0,2.0,4.0,12.0,34.0,42.0,62.0,152.0
#sv
chr5	106484529	+	chr5	94409552	-	.	20	25	5563801_1	99.0	.	BX=CATCTTAGTGAGGGTT-1_1,TGAAAGACAACTCATG-1_1,TCGCGTTCAATTAAGG-1_1,GCATCTCGTACGTCGC-1_1,GTTCATTAGAAAGCTT-1_1,TTAGGCAAGTCCGGTC-1_1,ACACTCCCACATGCGC-1_3,GCTGAATAGGTGTAGC-1_1,TAGCGTAGTGCTCGAC-1_2,AATCGTGTCCACTGCT-1_1,TCAATCTCATATGTGC-1_1,TCTCATAAGAGTATGT-1_1,GACTTGACACGTGCGT-1_1,AAGACAACAGGAAGAA-1_1,AACAAGATCAAAGCGG-1_1,TGTGGTAGTCCTCCAT-1_1,CTCGGTTTCGGCGCAT-1_1,TTGTCCGTCTCCACAC-1_1,CCATGGGGTTACCAGT-1_1,CCTCCCTCATAACAAG-1_1,AACGATCGTATGTGTC-1_1,TACCTTAAGTGTGATA-1_1,TCGCGGATCCAAGTAC-1_1,TCTGCCACACGAGCTC-1_1,GTTTAGGGTCGATTGT-1_1,TGCGCAGTCGCTGACG-1_1,AGAGCTTCAATGGGAC-1_1,CAGGAGAGTCGTAGCC-1_1,CATGCCTCAACATAGA-1_1,AGGCGAATCTCTGCTG-1_1,CAACCAATCTACACCC-1_1;DISC_MAPQ=60;EVDNC=ASDIS;HOMSEQ=G;MAPQ=60;MATEID=5563801_2;MATENM=0;NM=0;NUMPARTS=2;SCTG=c_5_106477001_106502001_8C;SPAN=12074977;SVTYPE=BND;TOOL=svaba;GENOTYPE=OC001B.bam(GT:0/0 AD:0 DP:20 GQ:5.4 PL:[0.0, 5.4, 59.4] SR:0 DR:0 LR:5.619 LO:0.0),OC001T.bam(GT:1/1 AD:37 DP:36 GQ:10.2 PL:[112.2, 10.2, 0.0] SR:25 DR:20 LR:-112.2 LO:112.2);ALT=c]chr5:106484529];VARTYPE=BND:INV-tt;JOINTYPE=tt	.
chr5	94411322	-	chr5	106482726	+	.	47	39	5563802_1	99.0	.	BX=CCTAAAGCATCGTTAG-1_1,TACGGGCAGATGCGAC-1_1,GACCAATCATGTTGCA-1_1,CGTCCATCACGAAAGC-1_1,GCAGCCATCCCTTCGA-1_2,ACGCTAAAGGACTTAA-1_1,TTGTCCGTCGAATGCT-1_1,CGCTATCTCATGTGGT-1_1,CCTTCCCAGGAAACAG-1_1,AGGGAGTGTTATCGGT-1_1,AGCGCCAGTTAAAGAC-1_3,CATATTCCACACCGAC-1_1,TATCTACGTTCAAGGG-1_4,GGGAGATCAGGTGAAC-1_1,CAAGCGCAGTAGTATG-1_1,TTTACTGGTGTTCAAC-1_1,TATCAGGGTTTAAGCC-1_1,AGGGAACTCGACCCTT-1_1,GACACGCTCCGAACGC-1_1,AGATGGGTCTAATGGC-1_2,ATACGCAAGATTCAAG-1_1,GGACATTAGTTAGGGC-1_1,TACTTGTGTGTTGTTG-1_1,GCGCAACTCGAATGCT-1_2,AGCATTGCACTTAAGC-1_3,TCTCACGTCTGCACTC-1_1,GGAAGCAGTGTTAAGA-1_1,TAGCAGTGTGAACCTT-1_2,CACGTAACATCGATGT-1_1,CCTAAAGGTCCGCAGT-1_3,GCCAAATCATGGGAAC-1_1,GTTCATTAGTGCGATG-1_2,CAAAGCTTCTGGCCGA-1_1,ATCACTTCATTCCGTC-1_1,TTGGCTCTCGTAGATC-1_3,GCCTATCTCATCTTTG-1_1,ACCCAGGCATCGGGCT-1_1,GTTGAACCAAACAACA-1_1,TTAGGCAGTACCAACT-1_2,CATTACTGTACAACGG-1_1,ACGATCAAGCGACCAA-1_1,TGCGCGATCCGTCTAC-1_1;DISC_MAPQ=60;EVDNC=ASDIS;HOMSEQ=TAG;MAPQ=60;MATEID=5563802_2;MATENM=0;NM=0;NUMPARTS=2;SCTG=c_5_106477001_106502001_367C;SPAN=12071404;SVTYPE=BND;TOOL=svaba;GENOTYPE=OC001B.bam(GT:0/0 AD:0 DP:17 GQ:4.5 PL:[0.0, 4.5, 49.5] SR:0 DR:0 LR:4.776 LO:0.0),OC001T.bam(GT:1/1 AD:66 DP:36 GQ:18.3 PL:[201.3, 18.3, 0.0] SR:39 DR:47 LR:-201.3 LO:201.3);ALT=[chr5:106482726[T;VARTYPE=BND:INV-hh;JOINTYPE=hh	.
#heatmap	linkage_type=Pair End
v=chr5:94408552-94412322	h=chr5:94408552-94412322	resolution=100	axis=0,0
46.0,34.0,9.0,13.0,5.0,4.0,1.0,0.0,0.0,0.0,0.0,0.0,0.0,0.0,0.0,0.0,0.0,0.0,0.0,0.0,0.0,0.0,0.0,0.0,0.0,0.0,0.0,0.0,0.0,0.0,0.0,0.0,0.0,0.0,0.0,0.0,0.0,0.0
34.0,95.0,28.0,20.0,17.0,13.0,4.0,1.0,1.0,0.0,0.0,0.0,0.0,0.0,0.0,0.0,0.0,0.0,0.0,0.0,0.0,0.0,0.0,0.0,0.0,0.0,0.0,0.0,0.0,0.0,0.0,0.0,0.0,0.0,0.0,0.0,0.0,0.0
9.0,28.0,102.0,34.0,27.0,21.0,6.0,7.0,2.0,1.0,0.0,0.0,0.0,0.0,0.0,0.0,0.0,0.0,0.0,0.0,0.0,0.0,0.0,0.0,0.0,0.0,0.0,0.0,0.0,0.0,0.0,0.0,0.0,0.0,0.0,0.0,0.0,0.0
13.0,20.0,34.0,97.0,25.0,23.0,20.0,15.0,4.0,5.0,1.0,0.0,0.0,0.0,0.0,0.0,0.0,0.0,0.0,0.0,0.0,0.0,0.0,0.0,0.0,0.0,0.0,0.0,0.0,0.0,0.0,0.0,0.0,0.0,0.0,0.0,0.0,0.0
5.0,17.0,27.0,25.0,113.0,63.0,14.0,33.0,27.0,8.0,0.0,0.0,1.0,0.0,0.0,0.0,0.0,0.0,0.0,0.0,0.0,0.0,0.0,0.0,0.0,0.0,0.0,0.0,0.0,0.0,0.0,0.0,0.0,0.0,0.0,0.0,0.0,0.0
4.0,13.0,21.0,23.0,63.0,158.0,40.0,55.0,47.0,14.0,5.0,2.0,3.0,1.0,0.0,0.0,0.0,0.0,0.0,0.0,0.0,0.0,0.0,0.0,0.0,0.0,0.0,0.0,0.0,0.0,0.0,0.0,0.0,0.0,0.0,0.0,0.0,0.0
1.0,4.0,6.0,20.0,14.0,40.0,131.0,57.0,31.0,24.0,21.0,5.0,2.0,1.0,0.0,0.0,0.0,0.0,0.0,0.0,0.0,0.0,0.0,0.0,0.0,0.0,0.0,0.0,0.0,0.0,0.0,0.0,0.0,0.0,0.0,0.0,0.0,0.0
0.0,1.0,7.0,15.0,33.0,55.0,57.0,168.0,61.0,33.0,28.0,9.0,6.0,1.0,1.0,1.0,0.0,0.0,0.0,0.0,0.0,0.0,0.0,0.0,0.0,0.0,0.0,0.0,0.0,0.0,0.0,0.0,0.0,0.0,0.0,0.0,0.0,0.0
0.0,1.0,2.0,4.0,27.0,47.0,31.0,61.0,157.0,44.0,25.0,15.0,7.0,6.0,7.0,1.0,0.0,0.0,0.0,0.0,0.0,0.0,0.0,0.0,0.0,0.0,0.0,0.0,0.0,0.0,0.0,0.0,0.0,0.0,0.0,0.0,0.0,0.0
0.0,0.0,1.0,5.0,8.0,14.0,24.0,33.0,44.0,126.0,38.0,14.0,18.0,5.0,4.0,6.0,0.0,0.0,0.0,0.0,0.0,0.0,0.0,0.0,0.0,0.0,0.0,0.0,0.0,0.0,0.0,0.0,0.0,0.0,0.0,0.0,0.0,0.0
0.0,0.0,0.0,1.0,0.0,5.0,21.0,28.0,25.0,38.0,122.0,21.0,19.0,25.0,10.0,8.0,1.0,1.0,0.0,0.0,0.0,0.0,0.0,0.0,0.0,0.0,0.0,0.0,0.0,0.0,0.0,0.0,0.0,0.0,0.0,0.0,0.0,0.0
0.0,0.0,0.0,0.0,0.0,2.0,5.0,9.0,15.0,14.0,21.0,92.0,31.0,25.0,23.0,9.0,2.0,0.0,1.0,0.0,0.0,0.0,0.0,0.0,0.0,0.0,0.0,0.0,0.0,0.0,0.0,0.0,0.0,0.0,0.0,0.0,0.0,0.0
0.0,0.0,0.0,0.0,1.0,3.0,2.0,6.0,7.0,18.0,19.0,31.0,84.0,33.0,13.0,12.0,11.0,1.0,0.0,0.0,0.0,0.0,0.0,0.0,0.0,0.0,0.0,0.0,0.0,0.0,0.0,0.0,0.0,0.0,0.0,0.0,0.0,0.0
0.0,0.0,0.0,0.0,0.0,1.0,1.0,1.0,6.0,5.0,25.0,25.0,33.0,95.0,20.0,16.0,20.0,8.0,1.0,0.0,0.0,0.0,0.0,0.0,0.0,0.0,0.0,0.0,0.0,0.0,0.0,0.0,0.0,0.0,0.0,0.0,0.0,0.0
0.0,0.0,0.0,0.0,0.0,0.0,0.0,1.0,7.0,4.0,10.0,23.0,13.0,20.0,70.0,12.0,12.0,11.0,6.0,4.0,0.0,1.0,0.0,0.0,0.0,0.0,0.0,0.0,0.0,0.0,0.0,0.0,0.0,0.0,0.0,0.0,0.0,0.0
0.0,0.0,0.0,0.0,0.0,0.0,0.0,1.0,1.0,6.0,8.0,9.0,12.0,16.0,12.0,73.0,19.0,13.0,14.0,7.0,1.0,1.0,0.0,0.0,0.0,0.0,0.0,0.0,0.0,0.0,0.0,0.0,0.0,0.0,0.0,0.0,0.0,0.0
0.0,0.0,0.0,0.0,0.0,0.0,0.0,0.0,0.0,0.0,1.0,2.0,11.0,20.0,12.0,19.0,58.0,20.0,7.0,10.0,3.0,0.0,1.0,1.0,0.0,0.0,0.0,0.0,0.0,0.0,0.0,0.0,0.0,0.0,0.0,0.0,0.0,0.0
0.0,0.0,0.0,0.0,0.0,0.0,0.0,0.0,0.0,0.0,1.0,0.0,1.0,8.0,11.0,13.0,20.0,51.0,12.0,10.0,7.0,2.0,0.0,0.0,0.0,0.0,0.0,0.0,0.0,0.0,0.0,0.0,0.0,0.0,0.0,0.0,0.0,0.0
0.0,0.0,0.0,0.0,0.0,0.0,0.0,0.0,0.0,0.0,0.0,1.0,0.0,1.0,6.0,14.0,7.0,12.0,54.0,12.0,13.0,8.0,7.0,5.0,0.0,0.0,0.0,0.0,0.0,0.0,0.0,0.0,0.0,0.0,0.0,0.0,0.0,0.0
0.0,0.0,0.0,0.0,0.0,0.0,0.0,0.0,0.0,0.0,0.0,0.0,0.0,0.0,4.0,7.0,10.0,10.0,12.0,59.0,24.0,20.0,14.0,6.0,1.0,1.0,0.0,0.0,0.0,0.0,0.0,0.0,0.0,0.0,0.0,0.0,0.0,0.0
0.0,0.0,0.0,0.0,0.0,0.0,0.0,0.0,0.0,0.0,0.0,0.0,0.0,0.0,0.0,1.0,3.0,7.0,13.0,24.0,61.0,27.0,13.0,12.0,12.0,5.0,0.0,0.0,0.0,0.0,0.0,0.0,0.0,0.0,0.0,0.0,0.0,0.0
0.0,0.0,0.0,0.0,0.0,0.0,0.0,0.0,0.0,0.0,0.0,0.0,0.0,0.0,1.0,1.0,0.0,2.0,8.0,20.0,27.0,59.0,22.0,12.0,11.0,11.0,1.0,1.0,0.0,0.0,0.0,0.0,0.0,0.0,0.0,0.0,0.0,0.0
0.0,0.0,0.0,0.0,0.0,0.0,0.0,0.0,0.0,0.0,0.0,0.0,0.0,0.0,0.0,0.0,1.0,0.0,7.0,14.0,13.0,22.0,56.0,23.0,10.0,9.0,8.0,1.0,0.0,1.0,1.0,1.0,0.0,0.0,0.0,0.0,0.0,0.0
0.0,0.0,0.0,0.0,0.0,0.0,0.0,0.0,0.0,0.0,0.0,0.0,0.0,0.0,0.0,0.0,1.0,0.0,5.0,6.0,12.0,12.0,23.0,61.0,20.0,10.0,12.0,9.0,5.0,2.0,0.0,0.0,0.0,0.0,0.0,0.0,0.0,0.0
0.0,0.0,0.0,0.0,0.0,0.0,0.0,0.0,0.0,0.0,0.0,0.0,0.0,0.0,0.0,0.0,0.0,0.0,0.0,1.0,12.0,11.0,10.0,20.0,49.0,14.0,8.0,10.0,2.0,0.0,2.0,1.0,0.0,0.0,0.0,0.0,0.0,0.0
0.0,0.0,0.0,0.0,0.0,0.0,0.0,0.0,0.0,0.0,0.0,0.0,0.0,0.0,0.0,0.0,0.0,0.0,0.0,1.0,5.0,11.0,9.0,10.0,14.0,48.0,12.0,11.0,5.0,5.0,4.0,5.0,1.0,0.0,0.0,0.0,0.0,0.0
0.0,0.0,0.0,0.0,0.0,0.0,0.0,0.0,0.0,0.0,0.0,0.0,0.0,0.0,0.0,0.0,0.0,0.0,0.0,0.0,0.0,1.0,8.0,12.0,8.0,12.0,56.0,25.0,9.0,15.0,10.0,2.0,1.0,0.0,0.0,0.0,0.0,0.0
0.0,0.0,0.0,0.0,0.0,0.0,0.0,0.0,0.0,0.0,0.0,0.0,0.0,0.0,0.0,0.0,0.0,0.0,0.0,0.0,0.0,1.0,1.0,9.0,10.0,11.0,25.0,62.0,22.0,10.0,11.0,6.0,5.0,0.0,0.0,0.0,0.0,0.0
0.0,0.0,0.0,0.0,0.0,0.0,0.0,0.0,0.0,0.0,0.0,0.0,0.0,0.0,0.0,0.0,0.0,0.0,0.0,0.0,0.0,0.0,0.0,5.0,2.0,5.0,9.0,22.0,42.0,15.0,3.0,11.0,4.0,2.0,0.0,0.0,0.0,0.0
0.0,0.0,0.0,0.0,0.0,0.0,0.0,0.0,0.0,0.0,0.0,0.0,0.0,0.0,0.0,0.0,0.0,0.0,0.0,0.0,0.0,0.0,1.0,2.0,0.0,5.0,15.0,10.0,15.0,121.0,48.0,21.0,30.0,13.0,1.0,3.0,1.0,2.0
0.0,0.0,0.0,0.0,0.0,0.0,0.0,0.0,0.0,0.0,0.0,0.0,0.0,0.0,0.0,0.0,0.0,0.0,0.0,0.0,0.0,0.0,1.0,0.0,2.0,4.0,10.0,11.0,3.0,48.0,118.0,33.0,26.0,30.0,11.0,4.0,2.0,3.0
0.0,0.0,0.0,0.0,0.0,0.0,0.0,0.0,0.0,0.0,0.0,0.0,0.0,0.0,0.0,0.0,0.0,0.0,0.0,0.0,0.0,0.0,1.0,0.0,1.0,5.0,2.0,6.0,11.0,21.0,33.0,131.0,55.0,31.0,28.0,13.0,7.0,1.0
0.0,0.0,0.0,0.0,0.0,0.0,0.0,0.0,0.0,0.0,0.0,0.0,0.0,0.0,0.0,0.0,0.0,0.0,0.0,0.0,0.0,0.0,0.0,0.0,0.0,1.0,1.0,5.0,4.0,30.0,26.0,55.0,133.0,45.0,24.0,22.0,15.0,7.0
0.0,0.0,0.0,0.0,0.0,0.0,0.0,0.0,0.0,0.0,0.0,0.0,0.0,0.0,0.0,0.0,0.0,0.0,0.0,0.0,0.0,0.0,0.0,0.0,0.0,0.0,0.0,0.0,2.0,13.0,30.0,31.0,45.0,135.0,38.0,27.0,38.0,17.0
0.0,0.0,0.0,0.0,0.0,0.0,0.0,0.0,0.0,0.0,0.0,0.0,0.0,0.0,0.0,0.0,0.0,0.0,0.0,0.0,0.0,0.0,0.0,0.0,0.0,0.0,0.0,0.0,0.0,1.0,11.0,28.0,24.0,38.0,118.0,45.0,29.0,28.0
0.0,0.0,0.0,0.0,0.0,0.0,0.0,0.0,0.0,0.0,0.0,0.0,0.0,0.0,0.0,0.0,0.0,0.0,0.0,0.0,0.0,0.0,0.0,0.0,0.0,0.0,0.0,0.0,0.0,3.0,4.0,13.0,22.0,27.0,45.0,111.0,44.0,18.0
0.0,0.0,0.0,0.0,0.0,0.0,0.0,0.0,0.0,0.0,0.0,0.0,0.0,0.0,0.0,0.0,0.0,0.0,0.0,0.0,0.0,0.0,0.0,0.0,0.0,0.0,0.0,0.0,0.0,1.0,2.0,7.0,15.0,38.0,29.0,44.0,132.0,41.0
0.0,0.0,0.0,0.0,0.0,0.0,0.0,0.0,0.0,0.0,0.0,0.0,0.0,0.0,0.0,0.0,0.0,0.0,0.0,0.0,0.0,0.0,0.0,0.0,0.0,0.0,0.0,0.0,0.0,2.0,3.0,1.0,7.0,17.0,28.0,18.0,41.0,99.0
v=chr5:94408552-94412322	h=chr5:106481726-106485529	resolution=100	axis=1,0
0.0,0.0,0.0,0.0,0.0,0.0,0.0,0.0,0.0,0.0,0.0,0.0,0.0,0.0,0.0,0.0,0.0,0.0,0.0,0.0,0.0,0.0,0.0,0.0,0.0,0.0,0.0,0.0,0.0,0.0,0.0,0.0,0.0,0.0,0.0,0.0,0.0,0.0
0.0,0.0,0.0,0.0,0.0,0.0,0.0,0.0,0.0,0.0,0.0,0.0,0.0,0.0,0.0,0.0,0.0,0.0,0.0,0.0,0.0,0.0,0.0,0.0,0.0,0.0,0.0,0.0,0.0,0.0,0.0,0.0,0.0,0.0,0.0,0.0,0.0,0.0
0.0,0.0,0.0,0.0,0.0,0.0,0.0,0.0,0.0,0.0,0.0,0.0,0.0,0.0,0.0,0.0,0.0,0.0,0.0,0.0,0.0,0.0,0.0,0.0,0.0,0.0,0.0,0.0,0.0,0.0,0.0,0.0,0.0,0.0,0.0,0.0,0.0,0.0
0.0,0.0,0.0,0.0,0.0,0.0,0.0,0.0,0.0,0.0,0.0,0.0,0.0,0.0,0.0,0.0,0.0,0.0,0.0,0.0,0.0,0.0,0.0,0.0,0.0,0.0,0.0,0.0,0.0,0.0,0.0,0.0,0.0,0.0,0.0,0.0,0.0,0.0
0.0,0.0,0.0,0.0,0.0,0.0,0.0,0.0,0.0,0.0,0.0,0.0,0.0,0.0,0.0,0.0,0.0,0.0,0.0,0.0,0.0,0.0,0.0,0.0,0.0,0.0,0.0,0.0,0.0,0.0,0.0,0.0,0.0,0.0,0.0,0.0,0.0,0.0
0.0,0.0,0.0,0.0,0.0,0.0,0.0,0.0,0.0,0.0,0.0,0.0,0.0,0.0,0.0,0.0,0.0,0.0,0.0,0.0,0.0,0.0,0.0,0.0,0.0,0.0,0.0,0.0,0.0,0.0,0.0,0.0,0.0,0.0,0.0,0.0,0.0,0.0
0.0,0.0,0.0,0.0,0.0,0.0,0.0,0.0,0.0,0.0,0.0,0.0,0.0,0.0,0.0,0.0,0.0,0.0,0.0,0.0,0.0,0.0,0.0,0.0,0.0,0.0,2.0,2.0,5.0,0.0,0.0,0.0,0.0,0.0,0.0,0.0,0.0,0.0
0.0,0.0,0.0,0.0,0.0,0.0,0.0,0.0,0.0,0.0,0.0,0.0,0.0,0.0,0.0,0.0,0.0,0.0,0.0,0.0,0.0,0.0,0.0,0.0,0.0,0.0,1.0,3.0,10.0,0.0,0.0,0.0,0.0,0.0,0.0,0.0,0.0,0.0
0.0,0.0,0.0,0.0,0.0,0.0,0.0,0.0,0.0,0.0,0.0,0.0,0.0,0.0,0.0,0.0,0.0,0.0,0.0,0.0,0.0,0.0,0.0,0.0,0.0,0.0,0.0,4.0,9.0,0.0,0.0,0.0,0.0,0.0,0.0,0.0,0.0,0.0
0.0,0.0,0.0,0.0,0.0,0.0,0.0,0.0,0.0,0.0,0.0,0.0,0.0,0.0,0.0,0.0,0.0,0.0,0.0,0.0,0.0,0.0,0.0,0.0,0.0,1.0,2.0,3.0,5.0,0.0,0.0,0.0,0.0,0.0,0.0,0.0,0.0,0.0
0.0,0.0,0.0,0.0,0.0,0.0,0.0,0.0,0.0,0.0,0.0,0.0,0.0,0.0,0.0,0.0,0.0,0.0,0.0,0.0,0.0,0.0,0.0,0.0,1.0,3.0,6.0,5.0,21.0,0.0,0.0,0.0,0.0,0.0,0.0,0.0,0.0,0.0
0.0,0.0,0.0,0.0,0.0,0.0,0.0,0.0,0.0,0.0,0.0,0.0,0.0,0.0,0.0,0.0,0.0,0.0,0.0,0.0,0.0,0.0,0.0,0.0,0.0,0.0,0.0,0.0,0.0,0.0,0.0,0.0,0.0,0.0,0.0,0.0,0.0,0.0
0.0,0.0,0.0,0.0,0.0,0.0,0.0,0.0,0.0,0.0,0.0,0.0,0.0,0.0,0.0,0.0,0.0,0.0,0.0,0.0,0.0,0.0,0.0,0.0,0.0,0.0,0.0,0.0,0.0,0.0,0.0,0.0,0.0,0.0,0.0,0.0,0.0,0.0
0.0,0.0,0.0,0.0,0.0,0.0,0.0,0.0,0.0,0.0,0.0,0.0,0.0,0.0,0.0,0.0,0.0,0.0,0.0,0.0,0.0,0.0,0.0,0.0,0.0,0.0,0.0,0.0,0.0,0.0,0.0,0.0,0.0,0.0,0.0,0.0,0.0,0.0
0.0,0.0,0.0,0.0,0.0,0.0,0.0,0.0,0.0,0.0,0.0,0.0,0.0,0.0,0.0,0.0,0.0,0.0,0.0,0.0,0.0,0.0,0.0,0.0,0.0,0.0,0.0,0.0,0.0,0.0,0.0,0.0,0.0,0.0,0.0,0.0,0.0,0.0
0.0,0.0,0.0,0.0,0.0,0.0,0.0,0.0,0.0,0.0,0.0,0.0,0.0,0.0,0.0,0.0,0.0,0.0,0.0,0.0,0.0,0.0,0.0,0.0,0.0,0.0,0.0,0.0,0.0,0.0,0.0,0.0,0.0,0.0,0.0,0.0,0.0,0.0
0.0,0.0,0.0,0.0,0.0,0.0,0.0,0.0,0.0,0.0,0.0,0.0,0.0,0.0,0.0,0.0,0.0,0.0,0.0,0.0,0.0,0.0,0.0,0.0,0.0,0.0,0.0,0.0,0.0,0.0,0.0,0.0,0.0,0.0,0.0,0.0,0.0,0.0
0.0,0.0,0.0,0.0,0.0,0.0,0.0,0.0,0.0,0.0,0.0,0.0,0.0,0.0,0.0,0.0,0.0,0.0,0.0,0.0,0.0,0.0,0.0,0.0,0.0,0.0,0.0,0.0,0.0,0.0,0.0,0.0,0.0,0.0,0.0,0.0,0.0,0.0
0.0,0.0,0.0,0.0,0.0,0.0,0.0,0.0,0.0,0.0,0.0,0.0,0.0,0.0,0.0,0.0,0.0,0.0,0.0,0.0,0.0,0.0,0.0,0.0,0.0,0.0,0.0,0.0,0.0,0.0,0.0,0.0,0.0,0.0,0.0,0.0,0.0,0.0
0.0,0.0,0.0,0.0,0.0,0.0,0.0,0.0,0.0,0.0,0.0,0.0,0.0,0.0,0.0,0.0,0.0,0.0,0.0,0.0,0.0,0.0,0.0,0.0,0.0,0.0,0.0,0.0,0.0,0.0,0.0,0.0,0.0,0.0,0.0,0.0,0.0,0.0
0.0,0.0,0.0,0.0,0.0,0.0,0.0,0.0,0.0,0.0,0.0,0.0,0.0,0.0,0.0,0.0,0.0,0.0,0.0,0.0,0.0,0.0,0.0,0.0,0.0,0.0,0.0,0.0,0.0,0.0,0.0,0.0,0.0,0.0,0.0,0.0,0.0,0.0
0.0,0.0,0.0,0.0,0.0,0.0,0.0,0.0,0.0,0.0,0.0,0.0,0.0,0.0,0.0,0.0,0.0,0.0,0.0,0.0,0.0,0.0,0.0,0.0,0.0,0.0,0.0,0.0,0.0,0.0,0.0,0.0,0.0,0.0,0.0,0.0,0.0,0.0
0.0,0.0,0.0,0.0,0.0,0.0,0.0,0.0,0.0,0.0,0.0,0.0,0.0,0.0,0.0,0.0,0.0,0.0,0.0,0.0,0.0,0.0,0.0,0.0,0.0,0.0,0.0,0.0,0.0,0.0,0.0,0.0,0.0,0.0,0.0,0.0,0.0,0.0
0.0,0.0,0.0,0.0,0.0,0.0,0.0,0.0,0.0,0.0,0.0,0.0,0.0,0.0,0.0,0.0,0.0,0.0,0.0,0.0,0.0,0.0,0.0,0.0,0.0,0.0,0.0,0.0,0.0,0.0,0.0,0.0,0.0,0.0,0.0,0.0,0.0,0.0
0.0,0.0,0.0,0.0,0.0,0.0,0.0,0.0,0.0,0.0,0.0,0.0,0.0,0.0,0.0,0.0,0.0,0.0,0.0,0.0,0.0,0.0,0.0,0.0,0.0,0.0,0.0,0.0,0.0,0.0,0.0,0.0,0.0,0.0,0.0,0.0,0.0,0.0
0.0,0.0,0.0,0.0,0.0,0.0,0.0,0.0,0.0,0.0,0.0,0.0,0.0,0.0,0.0,0.0,0.0,0.0,0.0,0.0,0.0,0.0,0.0,0.0,0.0,0.0,0.0,0.0,0.0,0.0,0.0,0.0,0.0,0.0,0.0,0.0,0.0,0.0
0.0,0.0,0.0,0.0,0.0,0.0,0.0,0.0,0.0,0.0,0.0,0.0,0.0,0.0,0.0,0.0,0.0,0.0,0.0,0.0,0.0,0.0,0.0,0.0,0.0,0.0,0.0,0.0,0.0,0.0,0.0,0.0,0.0,0.0,0.0,0.0,0.0,0.0
0.0,0.0,0.0,0.0,0.0,0.0,0.0,0.0,0.0,0.0,0.0,0.0,0.0,0.0,0.0,0.0,0.0,0.0,0.0,0.0,0.0,0.0,0.0,0.0,0.0,0.0,0.0,0.0,0.0,0.0,0.0,0.0,0.0,0.0,0.0,0.0,0.0,0.0
0.0,0.0,0.0,0.0,0.0,0.0,0.0,0.0,0.0,0.0,0.0,0.0,0.0,0.0,0.0,0.0,0.0,0.0,0.0,0.0,0.0,0.0,0.0,0.0,0.0,0.0,0.0,0.0,0.0,0.0,0.0,0.0,0.0,0.0,0.0,0.0,0.0,0.0
0.0,0.0,0.0,0.0,0.0,0.0,0.0,0.0,0.0,0.0,0.0,12.0,18.0,7.0,5.0,2.0,0.0,0.0,0.0,0.0,0.0,0.0,0.0,0.0,0.0,0.0,0.0,0.0,0.0,0.0,0.0,0.0,0.0,0.0,0.0,0.0,0.0,0.0
0.0,0.0,0.0,0.0,0.0,0.0,0.0,0.0,0.0,0.0,0.0,6.0,10.0,4.0,2.0,0.0,0.0,0.0,0.0,0.0,0.0,0.0,0.0,0.0,0.0,0.0,0.0,0.0,0.0,0.0,0.0,0.0,0.0,0.0,0.0,0.0,0.0,0.0
0.0,0.0,0.0,0.0,0.0,0.0,0.0,0.0,0.0,0.0,0.0,4.0,2.0,1.0,0.0,0.0,0.0,0.0,0.0,0.0,0.0,0.0,0.0,0.0,0.0,0.0,0.0,0.0,0.0,0.0,0.0,0.0,0.0,0.0,0.0,0.0,0.0,0.0
0.0,0.0,0.0,0.0,0.0,0.0,0.0,0.0,0.0,0.0,0.0,6.0,3.0,1.0,0.0,0.0,0.0,0.0,0.0,0.0,0.0,0.0,0.0,0.0,0.0,0.0,0.0,0.0,0.0,0.0,0.0,0.0,0.0,0.0,0.0,0.0,0.0,0.0
0.0,0.0,0.0,0.0,0.0,0.0,0.0,0.0,0.0,0.0,0.0,2.0,0.0,0.0,0.0,0.0,0.0,0.0,0.0,0.0,0.0,0.0,0.0,0.0,0.0,0.0,0.0,0.0,0.0,0.0,0.0,0.0,0.0,0.0,0.0,0.0,0.0,0.0
0.0,0.0,0.0,0.0,0.0,0.0,0.0,0.0,0.0,0.0,0.0,1.0,0.0,0.0,0.0,0.0,0.0,0.0,0.0,0.0,0.0,0.0,0.0,0.0,0.0,0.0,0.0,0.0,0.0,0.0,0.0,0.0,0.0,0.0,0.0,0.0,0.0,0.0
0.0,0.0,0.0,0.0,0.0,0.0,0.0,0.0,0.0,0.0,0.0,0.0,0.0,0.0,0.0,0.0,0.0,0.0,0.0,0.0,0.0,0.0,0.0,0.0,0.0,0.0,0.0,0.0,0.0,0.0,0.0,0.0,0.0,0.0,0.0,0.0,0.0,0.0
0.0,0.0,0.0,0.0,0.0,0.0,0.0,0.0,0.0,0.0,0.0,0.0,0.0,0.0,0.0,0.0,0.0,0.0,0.0,0.0,0.0,0.0,0.0,0.0,0.0,0.0,0.0,0.0,0.0,0.0,0.0,0.0,0.0,0.0,0.0,0.0,0.0,0.0
0.0,0.0,0.0,0.0,0.0,0.0,0.0,0.0,0.0,0.0,0.0,0.0,0.0,0.0,0.0,0.0,0.0,0.0,0.0,0.0,0.0,0.0,0.0,0.0,0.0,0.0,0.0,0.0,0.0,0.0,0.0,0.0,0.0,0.0,0.0,0.0,0.0,0.0
v=chr5:106481726-106485529	h=chr5:94408552-94412322	resolution=100	axis=0,1
0.0,0.0,0.0,0.0,0.0,0.0,0.0,0.0,0.0,0.0,0.0,0.0,0.0,0.0,0.0,0.0,0.0,0.0,0.0,0.0,0.0,0.0,0.0,0.0,0.0,0.0,0.0,0.0,0.0,0.0,0.0,0.0,0.0,0.0,0.0,0.0,0.0,0.0
0.0,0.0,0.0,0.0,0.0,0.0,0.0,0.0,0.0,0.0,0.0,0.0,0.0,0.0,0.0,0.0,0.0,0.0,0.0,0.0,0.0,0.0,0.0,0.0,0.0,0.0,0.0,0.0,0.0,0.0,0.0,0.0,0.0,0.0,0.0,0.0,0.0,0.0
0.0,0.0,0.0,0.0,0.0,0.0,0.0,0.0,0.0,0.0,0.0,0.0,0.0,0.0,0.0,0.0,0.0,0.0,0.0,0.0,0.0,0.0,0.0,0.0,0.0,0.0,0.0,0.0,0.0,0.0,0.0,0.0,0.0,0.0,0.0,0.0,0.0,0.0
0.0,0.0,0.0,0.0,0.0,0.0,0.0,0.0,0.0,0.0,0.0,0.0,0.0,0.0,0.0,0.0,0.0,0.0,0.0,0.0,0.0,0.0,0.0,0.0,0.0,0.0,0.0,0.0,0.0,0.0,0.0,0.0,0.0,0.0,0.0,0.0,0.0,0.0
0.0,0.0,0.0,0.0,0.0,0.0,0.0,0.0,0.0,0.0,0.0,0.0,0.0,0.0,0.0,0.0,0.0,0.0,0.0,0.0,0.0,0.0,0.0,0.0,0.0,0.0,0.0,0.0,0.0,0.0,0.0,0.0,0.0,0.0,0.0,0.0,0.0,0.0
0.0,0.0,0.0,0.0,0.0,0.0,0.0,0.0,0.0,0.0,0.0,0.0,0.0,0.0,0.0,0.0,0.0,0.0,0.0,0.0,0.0,0.0,0.0,0.0,0.0,0.0,0.0,0.0,0.0,0.0,0.0,0.0,0.0,0.0,0.0,0.0,0.0,0.0
0.0,0.0,0.0,0.0,0.0,0.0,0.0,0.0,0.0,0.0,0.0,0.0,0.0,0.0,0.0,0.0,0.0,0.0,0.0,0.0,0.0,0.0,0.0,0.0,0.0,0.0,0.0,0.0,0.0,0.0,0.0,0.0,0.0,0.0,0.0,0.0,0.0,0.0
0.0,0.0,0.0,0.0,0.0,0.0,0.0,0.0,0.0,0.0,0.0,0.0,0.0,0.0,0.0,0.0,0.0,0.0,0.0,0.0,0.0,0.0,0.0,0.0,0.0,0.0,0.0,0.0,0.0,0.0,0.0,0.0,0.0,0.0,0.0,0.0,0.0,0.0
0.0,0.0,0.0,0.0,0.0,0.0,0.0,0.0,0.0,0.0,0.0,0.0,0.0,0.0,0.0,0.0,0.0,0.0,0.0,0.0,0.0,0.0,0.0,0.0,0.0,0.0,0.0,0.0,0.0,0.0,0.0,0.0,0.0,0.0,0.0,0.0,0.0,0.0
0.0,0.0,0.0,0.0,0.0,0.0,0.0,0.0,0.0,0.0,0.0,0.0,0.0,0.0,0.0,0.0,0.0,0.0,0.0,0.0,0.0,0.0,0.0,0.0,0.0,0.0,0.0,0.0,0.0,0.0,0.0,0.0,0.0,0.0,0.0,0.0,0.0,0.0
0.0,0.0,0.0,0.0,0.0,0.0,0.0,0.0,0.0,0.0,0.0,0.0,0.0,0.0,0.0,0.0,0.0,0.0,0.0,0.0,0.0,0.0,0.0,0.0,0.0,0.0,0.0,0.0,0.0,0.0,0.0,0.0,0.0,0.0,0.0,0.0,0.0,0.0
0.0,0.0,0.0,0.0,0.0,0.0,0.0,0.0,0.0,0.0,0.0,0.0,0.0,0.0,0.0,0.0,0.0,0.0,0.0,0.0,0.0,0.0,0.0,0.0,0.0,0.0,0.0,0.0,0.0,12.0,6.0,4.0,6.0,2.0,1.0,0.0,0.0,0.0
0.0,0.0,0.0,0.0,0.0,0.0,0.0,0.0,0.0,0.0,0.0,0.0,0.0,0.0,0.0,0.0,0.0,0.0,0.0,0.0,0.0,0.0,0.0,0.0,0.0,0.0,0.0,0.0,0.0,18.0,10.0,2.0,3.0,0.0,0.0,0.0,0.0,0.0
0.0,0.0,0.0,0.0,0.0,0.0,0.0,0.0,0.0,0.0,0.0,0.0,0.0,0.0,0.0,0.0,0.0,0.0,0.0,0.0,0.0,0.0,0.0,0.0,0.0,0.0,0.0,0.0,0.0,7.0,4.0,1.0,1.0,0.0,0.0,0.0,0.0,0.0
0.0,0.0,0.0,0.0,0.0,0.0,0.0,0.0,0.0,0.0,0.0,0.0,0.0,0.0,0.0,0.0,0.0,0.0,0.0,0.0,0.0,0.0,0.0,0.0,0.0,0.0,0.0,0.0,0.0,5.0,2.0,0.0,0.0,0.0,0.0,0.0,0.0,0.0
0.0,0.0,0.0,0.0,0.0,0.0,0.0,0.0,0.0,0.0,0.0,0.0,0.0,0.0,0.0,0.0,0.0,0.0,0.0,0.0,0.0,0.0,0.0,0.0,0.0,0.0,0.0,0.0,0.0,2.0,0.0,0.0,0.0,0.0,0.0,0.0,0.0,0.0
0.0,0.0,0.0,0.0,0.0,0.0,0.0,0.0,0.0,0.0,0.0,0.0,0.0,0.0,0.0,0.0,0.0,0.0,0.0,0.0,0.0,0.0,0.0,0.0,0.0,0.0,0.0,0.0,0.0,0.0,0.0,0.0,0.0,0.0,0.0,0.0,0.0,0.0
0.0,0.0,0.0,0.0,0.0,0.0,0.0,0.0,0.0,0.0,0.0,0.0,0.0,0.0,0.0,0.0,0.0,0.0,0.0,0.0,0.0,0.0,0.0,0.0,0.0,0.0,0.0,0.0,0.0,0.0,0.0,0.0,0.0,0.0,0.0,0.0,0.0,0.0
0.0,0.0,0.0,0.0,0.0,0.0,0.0,0.0,0.0,0.0,0.0,0.0,0.0,0.0,0.0,0.0,0.0,0.0,0.0,0.0,0.0,0.0,0.0,0.0,0.0,0.0,0.0,0.0,0.0,0.0,0.0,0.0,0.0,0.0,0.0,0.0,0.0,0.0
0.0,0.0,0.0,0.0,0.0,0.0,0.0,0.0,0.0,0.0,0.0,0.0,0.0,0.0,0.0,0.0,0.0,0.0,0.0,0.0,0.0,0.0,0.0,0.0,0.0,0.0,0.0,0.0,0.0,0.0,0.0,0.0,0.0,0.0,0.0,0.0,0.0,0.0
0.0,0.0,0.0,0.0,0.0,0.0,0.0,0.0,0.0,0.0,0.0,0.0,0.0,0.0,0.0,0.0,0.0,0.0,0.0,0.0,0.0,0.0,0.0,0.0,0.0,0.0,0.0,0.0,0.0,0.0,0.0,0.0,0.0,0.0,0.0,0.0,0.0,0.0
0.0,0.0,0.0,0.0,0.0,0.0,0.0,0.0,0.0,0.0,0.0,0.0,0.0,0.0,0.0,0.0,0.0,0.0,0.0,0.0,0.0,0.0,0.0,0.0,0.0,0.0,0.0,0.0,0.0,0.0,0.0,0.0,0.0,0.0,0.0,0.0,0.0,0.0
0.0,0.0,0.0,0.0,0.0,0.0,0.0,0.0,0.0,0.0,0.0,0.0,0.0,0.0,0.0,0.0,0.0,0.0,0.0,0.0,0.0,0.0,0.0,0.0,0.0,0.0,0.0,0.0,0.0,0.0,0.0,0.0,0.0,0.0,0.0,0.0,0.0,0.0
0.0,0.0,0.0,0.0,0.0,0.0,0.0,0.0,0.0,0.0,0.0,0.0,0.0,0.0,0.0,0.0,0.0,0.0,0.0,0.0,0.0,0.0,0.0,0.0,0.0,0.0,0.0,0.0,0.0,0.0,0.0,0.0,0.0,0.0,0.0,0.0,0.0,0.0
0.0,0.0,0.0,0.0,0.0,0.0,0.0,0.0,0.0,0.0,1.0,0.0,0.0,0.0,0.0,0.0,0.0,0.0,0.0,0.0,0.0,0.0,0.0,0.0,0.0,0.0,0.0,0.0,0.0,0.0,0.0,0.0,0.0,0.0,0.0,0.0,0.0,0.0
0.0,0.0,0.0,0.0,0.0,0.0,0.0,0.0,0.0,1.0,3.0,0.0,0.0,0.0,0.0,0.0,0.0,0.0,0.0,0.0,0.0,0.0,0.0,0.0,0.0,0.0,0.0,0.0,0.0,0.0,0.0,0.0,0.0,0.0,0.0,0.0,0.0,0.0
0.0,0.0,0.0,0.0,0.0,0.0,2.0,1.0,0.0,2.0,6.0,0.0,0.0,0.0,0.0,0.0,0.0,0.0,0.0,0.0,0.0,0.0,0.0,0.0,0.0,0.0,0.0,0.0,0.0,0.0,0.0,0.0,0.0,0.0,0.0,0.0,0.0,0.0
0.0,0.0,0.0,0.0,0.0,0.0,2.0,3.0,4.0,3.0,5.0,0.0,0.0,0.0,0.0,0.0,0.0,0.0,0.0,0.0,0.0,0.0,0.0,0.0,0.0,0.0,0.0,0.0,0.0,0.0,0.0,0.0,0.0,0.0,0.0,0.0,0.0,0.0
0.0,0.0,0.0,0.0,0.0,0.0,5.0,10.0,9.0,5.0,21.0,0.0,0.0,0.0,0.0,0.0,0.0,0.0,0.0,0.0,0.0,0.0,0.0,0.0,0.0,0.0,0.0,0.0,0.0,0.0,0.0,0.0,0.0,0.0,0.0,0.0,0.0,0.0
0.0,0.0,0.0,0.0,0.0,0.0,0.0,0.0,0.0,0.0,0.0,0.0,0.0,0.0,0.0,0.0,0.0,0.0,0.0,0.0,0.0,0.0,0.0,0.0,0.0,0.0,0.0,0.0,0.0,0.0,0.0,0.0,0.0,0.0,0.0,0.0,0.0,0.0
0.0,0.0,0.0,0.0,0.0,0.0,0.0,0.0,0.0,0.0,0.0,0.0,0.0,0.0,0.0,0.0,0.0,0.0,0.0,0.0,0.0,0.0,0.0,0.0,0.0,0.0,0.0,0.0,0.0,0.0,0.0,0.0,0.0,0.0,0.0,0.0,0.0,0.0
0.0,0.0,0.0,0.0,0.0,0.0,0.0,0.0,0.0,0.0,0.0,0.0,0.0,0.0,0.0,0.0,0.0,0.0,0.0,0.0,0.0,0.0,0.0,0.0,0.0,0.0,0.0,0.0,0.0,0.0,0.0,0.0,0.0,0.0,0.0,0.0,0.0,0.0
0.0,0.0,0.0,0.0,0.0,0.0,0.0,0.0,0.0,0.0,0.0,0.0,0.0,0.0,0.0,0.0,0.0,0.0,0.0,0.0,0.0,0.0,0.0,0.0,0.0,0.0,0.0,0.0,0.0,0.0,0.0,0.0,0.0,0.0,0.0,0.0,0.0,0.0
0.0,0.0,0.0,0.0,0.0,0.0,0.0,0.0,0.0,0.0,0.0,0.0,0.0,0.0,0.0,0.0,0.0,0.0,0.0,0.0,0.0,0.0,0.0,0.0,0.0,0.0,0.0,0.0,0.0,0.0,0.0,0.0,0.0,0.0,0.0,0.0,0.0,0.0
0.0,0.0,0.0,0.0,0.0,0.0,0.0,0.0,0.0,0.0,0.0,0.0,0.0,0.0,0.0,0.0,0.0,0.0,0.0,0.0,0.0,0.0,0.0,0.0,0.0,0.0,0.0,0.0,0.0,0.0,0.0,0.0,0.0,0.0,0.0,0.0,0.0,0.0
0.0,0.0,0.0,0.0,0.0,0.0,0.0,0.0,0.0,0.0,0.0,0.0,0.0,0.0,0.0,0.0,0.0,0.0,0.0,0.0,0.0,0.0,0.0,0.0,0.0,0.0,0.0,0.0,0.0,0.0,0.0,0.0,0.0,0.0,0.0,0.0,0.0,0.0
0.0,0.0,0.0,0.0,0.0,0.0,0.0,0.0,0.0,0.0,0.0,0.0,0.0,0.0,0.0,0.0,0.0,0.0,0.0,0.0,0.0,0.0,0.0,0.0,0.0,0.0,0.0,0.0,0.0,0.0,0.0,0.0,0.0,0.0,0.0,0.0,0.0,0.0
0.0,0.0,0.0,0.0,0.0,0.0,0.0,0.0,0.0,0.0,0.0,0.0,0.0,0.0,0.0,0.0,0.0,0.0,0.0,0.0,0.0,0.0,0.0,0.0,0.0,0.0,0.0,0.0,0.0,0.0,0.0,0.0,0.0,0.0,0.0,0.0,0.0,0.0
v=chr5:106481726-106485529	h=chr5:106481726-106485529	resolution=100	axis=1,1
64.0,30.0,14.0,14.0,3.0,3.0,0.0,3.0,2.0,1.0,0.0,0.0,0.0,0.0,0.0,0.0,0.0,0.0,0.0,0.0,0.0,0.0,0.0,0.0,0.0,0.0,0.0,0.0,0.0,0.0,0.0,0.0,0.0,0.0,0.0,0.0,0.0,0.0
30.0,66.0,24.0,15.0,9.0,6.0,0.0,2.0,1.0,1.0,0.0,0.0,0.0,0.0,0.0,0.0,0.0,0.0,0.0,0.0,0.0,0.0,0.0,0.0,0.0,0.0,0.0,0.0,0.0,0.0,0.0,0.0,0.0,0.0,0.0,0.0,0.0,0.0
14.0,24.0,73.0,21.0,11.0,16.0,3.0,4.0,2.0,0.0,0.0,0.0,0.0,0.0,0.0,0.0,0.0,0.0,0.0,0.0,0.0,0.0,0.0,0.0,0.0,0.0,0.0,0.0,0.0,0.0,0.0,0.0,0.0,0.0,0.0,0.0,0.0,0.0
14.0,15.0,21.0,83.0,26.0,28.0,23.0,4.0,1.0,0.0,0.0,0.0,0.0,0.0,0.0,0.0,0.0,0.0,0.0,0.0,0.0,0.0,0.0,0.0,0.0,0.0,0.0,0.0,0.0,0.0,0.0,0.0,0.0,0.0,0.0,0.0,0.0,0.0
3.0,9.0,11.0,26.0,75.0,33.0,17.0,12.0,5.0,7.0,0.0,0.0,0.0,0.0,0.0,0.0,0.0,0.0,0.0,0.0,0.0,0.0,0.0,0.0,0.0,0.0,0.0,0.0,0.0,0.0,0.0,0.0,0.0,0.0,0.0,0.0,0.0,0.0
3.0,6.0,16.0,28.0,33.0,113.0,36.0,23.0,26.0,20.0,1.0,0.0,0.0,0.0,0.0,0.0,0.0,0.0,0.0,0.0,0.0,0.0,0.0,0.0,0.0,0.0,0.0,0.0,0.0,0.0,0.0,0.0,0.0,0.0,0.0,0.0,0.0,0.0
0.0,0.0,3.0,23.0,17.0,36.0,76.0,19.0,17.0,15.0,6.0,2.0,1.0,0.0,0.0,0.0,0.0,0.0,0.0,0.0,0.0,0.0,0.0,0.0,0.0,0.0,0.0,0.0,0.0,0.0,0.0,0.0,0.0,0.0,0.0,0.0,0.0,0.0
3.0,2.0,4.0,4.0,12.0,23.0,19.0,86.0,34.0,19.0,12.0,5.0,4.0,2.0,1.0,1.0,0.0,0.0,0.0,0.0,0.0,0.0,0.0,0.0,0.0,0.0,0.0,0.0,0.0,0.0,0.0,0.0,0.0,0.0,0.0,0.0,0.0,0.0
2.0,1.0,2.0,1.0,5.0,26.0,17.0,34.0,96.0,31.0,16.0,11.0,11.0,4.0,3.0,3.0,0.0,0.0,0.0,0.0,0.0,0.0,0.0,0.0,0.0,0.0,0.0,0.0,0.0,0.0,0.0,0.0,0.0,0.0,0.0,0.0,0.0,0.0
1.0,1.0,0.0,0.0,7.0,20.0,15.0,19.0,31.0,91.0,24.0,10.0,12.0,9.0,6.0,2.0,0.0,0.0,1.0,0.0,0.0,0.0,0.0,0.0,0.0,0.0,0.0,0.0,0.0,0.0,0.0,0.0,0.0,0.0,0.0,0.0,0.0,0.0
0.0,0.0,0.0,0.0,0.0,1.0,6.0,12.0,16.0,24.0,67.0,18.0,12.0,21.0,5.0,1.0,1.0,1.0,0.0,0.0,0.0,0.0,0.0,0.0,0.0,0.0,0.0,0.0,0.0,0.0,0.0,0.0,0.0,0.0,0.0,0.0,0.0,0.0
0.0,0.0,0.0,0.0,0.0,0.0,2.0,5.0,11.0,10.0,18.0,122.0,54.0,19.0,28.0,14.0,6.0,2.0,2.0,0.0,0.0,0.0,0.0,0.0,0.0,0.0,0.0,0.0,0.0,0.0,0.0,1.0,1.0,0.0,0.0,0.0,0.0,0.0
0.0,0.0,0.0,0.0,0.0,0.0,1.0,4.0,11.0,12.0,12.0,54.0,135.0,38.0,33.0,26.0,11.0,1.0,1.0,0.0,0.0,0.0,0.0,0.0,0.0,0.0,0.0,0.0,0.0,0.0,0.0,0.0,0.0,0.0,0.0,0.0,0.0,0.0
0.0,0.0,0.0,0.0,0.0,0.0,0.0,2.0,4.0,9.0,21.0,19.0,38.0,104.0,39.0,15.0,22.0,11.0,3.0,1.0,0.0,0.0,0.0,0.0,0.0,0.0,0.0,0.0,0.0,0.0,0.0,0.0,0.0,0.0,0.0,0.0,0.0,0.0
0.0,0.0,0.0,0.0,0.0,0.0,0.0,1.0,3.0,6.0,5.0,28.0,33.0,39.0,138.0,48.0,24.0,21.0,11.0,6.0,3.0,0.0,0.0,0.0,0.0,0.0,0.0,0.0,0.0,0.0,0.0,0.0,0.0,0.0,0.0,0.0,0.0,0.0
0.0,0.0,0.0,0.0,0.0,0.0,0.0,1.0,3.0,2.0,1.0,14.0,26.0,15.0,48.0,109.0,24.0,16.0,20.0,10.0,4.0,3.0,0.0,0.0,0.0,0.0,0.0,0.0,0.0,0.0,0.0,0.0,0.0,0.0,0.0,0.0,0.0,0.0
0.0,0.0,0.0,0.0,0.0,0.0,0.0,0.0,0.0,0.0,1.0,6.0,11.0,22.0,24.0,24.0,94.0,30.0,14.0,18.0,12.0,5.0,2.0,1.0,0.0,0.0,0.0,0.0,0.0,0.0,0.0,0.0,0.0,0.0,0.0,0.0,0.0,0.0
0.0,0.0,0.0,0.0,0.0,0.0,0.0,0.0,0.0,0.0,1.0,2.0,1.0,11.0,21.0,16.0,30.0,110.0,38.0,23.0,32.0,18.0,5.0,0.0,0.0,1.0,0.0,0.0,0.0,0.0,0.0,0.0,0.0,0.0,0.0,0.0,0.0,0.0
0.0,0.0,0.0,0.0,0.0,0.0,0.0,0.0,0.0,1.0,0.0,2.0,1.0,3.0,11.0,20.0,14.0,38.0,118.0,54.0,36.0,20.0,9.0,1.0,0.0,1.0,0.0,0.0,0.0,0.0,0.0,0.0,0.0,0.0,0.0,0.0,0.0,0.0
0.0,0.0,0.0,0.0,0.0,0.0,0.0,0.0,0.0,0.0,0.0,0.0,0.0,1.0,6.0,10.0,18.0,23.0,54.0,147.0,57.0,33.0,33.0,13.0,6.0,1.0,0.0,0.0,0.0,0.0,0.0,0.0,0.0,0.0,0.0,0.0,0.0,0.0
0.0,0.0,0.0,0.0,0.0,0.0,0.0,0.0,0.0,0.0,0.0,0.0,0.0,0.0,3.0,4.0,12.0,32.0,36.0,57.0,138.0,48.0,27.0,26.0,5.0,3.0,0.0,0.0,1.0,0.0,0.0,0.0,0.0,0.0,0.0,0.0,0.0,0.0
0.0,0.0,0.0,0.0,0.0,0.0,0.0,0.0,0.0,0.0,0.0,0.0,0.0,0.0,0.0,3.0,5.0,18.0,20.0,33.0,48.0,118.0,35.0,23.0,24.0,4.0,2.0,1.0,2.0,0.0,0.0,0.0,0.0,0.0,0.0,0.0,0.0,0.0
0.0,0.0,0.0,0.0,0.0,0.0,0.0,0.0,0.0,0.0,0.0,0.0,0.0,0.0,0.0,0.0,2.0,5.0,9.0,33.0,27.0,35.0,119.0,31.0,26.0,26.0,11.0,0.0,0.0,0.0,1.0,0.0,0.0,0.0,0.0,0.0,0.0,0.0
0.0,0.0,0.0,0.0,0.0,0.0,0.0,0.0,0.0,0.0,0.0,0.0,0.0,0.0,0.0,0.0,1.0,0.0,1.0,13.0,26.0,23.0,31.0,108.0,37.0,20.0,35.0,16.0,0.0,0.0,0.0,0.0,0.0,0.0,0.0,0.0,0.0,0.0
0.0,0.0,0.0,0.0,0.0,0.0,0.0,0.0,0.0,0.0,0.0,0.0,0.0,0.0,0.0,0.0,0.0,0.0,0.0,6.0,5.0,24.0,26.0,37.0,116.0,49.0,32.0,28.0,4.0,3.0,0.0,1.0,0.0,0.0,0.0,0.0,0.0,0.0
0.0,0.0,0.0,0.0,0.0,0.0,0.0,0.0,0.0,0.0,0.0,0.0,0.0,0.0,0.0,0.0,0.0,1.0,1.0,1.0,3.0,4.0,26.0,20.0,49.0,116.0,52.0,27.0,7.0,6.0,0.0,1.0,1.0,0.0,0.0,0.0,0.0,0.0
0.0,0.0,0.0,0.0,0.0,0.0,0.0,0.0,0.0,0.0,0.0,0.0,0.0,0.0,0.0,0.0,0.0,0.0,0.0,0.0,0.0,2.0,11.0,35.0,32.0,52.0,136.0,45.0,9.0,11.0,11.0,6.0,1.0,0.0,0.0,0.0,0.0,0.0
0.0,0.0,0.0,0.0,0.0,0.0,0.0,0.0,0.0,0.0,0.0,0.0,0.0,0.0,0.0,0.0,0.0,0.0,0.0,0.0,0.0,1.0,0.0,16.0,28.0,27.0,45.0,139.0,31.0,23.0,24.0,21.0,5.0,1.0,0.0,0.0,0.0,0.0
0.0,0.0,0.0,0.0,0.0,0.0,0.0,0.0,0.0,0.0,0.0,0.0,0.0,0.0,0.0,0.0,0.0,0.0,0.0,0.0,1.0,2.0,0.0,0.0,4.0,7.0,9.0,31.0,94.0,18.0,17.0,22.0,9.0,3.0,2.0,0.0,0.0,0.0
0.0,0.0,0.0,0.0,0.0,0.0,0.0,0.0,0.0,0.0,0.0,0.0,0.0,0.0,0.0,0.0,0.0,0.0,0.0,0.0,0.0,0.0,0.0,0.0,3.0,6.0,11.0,23.0,18.0,102.0,32.0,29.0,20.0,2.0,4.0,0.0,0.0,1.0
0.0,0.0,0.0,0.0,0.0,0.0,0.0,0.0,0.0,0.0,0.0,0.0,0.0,0.0,0.0,0.0,0.0,0.0,0.0,0.0,0.0,0.0,1.0,0.0,0.0,0.0,11.0,24.0,17.0,32.0,114.0,41.0,26.0,14.0,6.0,5.0,7.0,2.0
0.0,0.0,0.0,0.0,0.0,0.0,0.0,0.0,0.0,0.0,0.0,1.0,0.0,0.0,0.0,0.0,0.0,0.0,0.0,0.0,0.0,0.0,0.0,0.0,1.0,1.0,6.0,21.0,22.0,29.0,41.0,130.0,34.0,23.0,17.0,15.0,12.0,3.0
0.0,0.0,0.0,0.0,0.0,0.0,0.0,0.0,0.0,0.0,0.0,1.0,0.0,0.0,0.0,0.0,0.0,0.0,0.0,0.0,0.0,0.0,0.0,0.0,0.0,1.0,1.0,5.0,9.0,20.0,26.0,34.0,98.0,16.0,19.0,21.0,9.0,2.0
0.0,0.0,0.0,0.0,0.0,0.0,0.0,0.0,0.0,0.0,0.0,0.0,0.0,0.0,0.0,0.0,0.0,0.0,0.0,0.0,0.0,0.0,0.0,0.0,0.0,0.0,0.0,1.0,3.0,2.0,14.0,23.0,16.0,87.0,39.0,22.0,17.0,9.0
0.0,0.0,0.0,0.0,0.0,0.0,0.0,0.0,0.0,0.0,0.0,0.0,0.0,0.0,0.0,0.0,0.0,0.0,0.0,0.0,0.0,0.0,0.0,0.0,0.0,0.0,0.0,0.0,2.0,4.0,6.0,17.0,19.0,39.0,99.0,47.0,18.0,18.0
0.0,0.0,0.0,0.0,0.0,0.0,0.0,0.0,0.0,0.0,0.0,0.0,0.0,0.0,0.0,0.0,0.0,0.0,0.0,0.0,0.0,0.0,0.0,0.0,0.0,0.0,0.0,0.0,0.0,0.0,5.0,15.0,21.0,22.0,47.0,88.0,26.0,12.0
0.0,0.0,0.0,0.0,0.0,0.0,0.0,0.0,0.0,0.0,0.0,0.0,0.0,0.0,0.0,0.0,0.0,0.0,0.0,0.0,0.0,0.0,0.0,0.0,0.0,0.0,0.0,0.0,0.0,0.0,7.0,12.0,9.0,17.0,18.0,26.0,86.0,23.0
0.0,0.0,0.0,0.0,0.0,0.0,0.0,0.0,0.0,0.0,0.0,0.0,0.0,0.0,0.0,0.0,0.0,0.0,0.0,0.0,0.0,0.0,0.0,0.0,0.0,0.0,0.0,0.0,0.0,1.0,2.0,3.0,2.0,9.0,18.0,12.0,23.0,93.0
#sv
chr6	37479956	+	chr6	46297896	+	.	0	22	6205266_1	58.0	.	BX=TCAATCTAGCGATATA-1_1,CGCTATCCAGACTATC-1_1,GCGCTAGCACCATGAT-1_1,GATGGTTTCAAACCGT-1_1,GGTGGCTAGTCCCGGT-1_1,TTAGGACCACGTCCGA-1_1,ACGATCATCACGGTAT-1_1,TAACTCTAGTCGGTCC-1_1,GTGCAGCAGTCCTCCT-1_1,CGGAGCTGTAAGTAAC-1_1,CTACCCATCTGTGCAA-1_1,ACCGTAAAGACTAGAT-1_1,ACCACGGGTAGTTGGG-1_1,GATGGTTGTGACGCCT-1_1,TGGCATAAGCGGTGAT-1_1,TAGAGCTTCGCATGAT-1_1,GTCGACGTCGGTGGCT-1_1,CCTAGTCCACATGCGC-1_1,GGGCCATGTACGAGGT-1_1;EVDNC=ASSMB;HOMSEQ=AG;MAPQ=60;MATEID=6205266_2;MATENM=0;NM=0;NUMPARTS=2;SCTG=c_6_46280501_46305501_83C;SPAN=8817940;SVTYPE=BND;TOOL=svaba;GENOTYPE=OC001B.bam(GT:0/0 AD:0 DP:46 GQ:12.6 PL:[0.0, 12.6, 138.6] SR:0 DR:0 LR:12.92 LO:0.0),OC001T.bam(GT:0/1 AD:22 DP:50 GQ:58.7 PL:[58.7, 0.0, 65.3] SR:22 DR:0 LR:-58.57 LO:58.61);ALT=g[chr6:46297896[;VARTYPE=BND:DEL-ht;JOINTYPE=ht	.
#heatmap	linkage_type=Pair End
v=chr6:37478956-37480956	h=chr6:37478956-37480956	resolution=100	axis=0,0
25.0,18.0,2.0,4.0,4.0,0.0,2.0,1.0,0.0,0.0,0.0,0.0,0.0,0.0,0.0,0.0,0.0,0.0,0.0,0.0
18.0,81.0,27.0,9.0,29.0,10.0,3.0,4.0,1.0,0.0,0.0,0.0,0.0,0.0,0.0,0.0,0.0,0.0,0.0,0.0
2.0,27.0,82.0,27.0,32.0,14.0,8.0,7.0,4.0,1.0,0.0,0.0,0.0,0.0,0.0,0.0,0.0,0.0,0.0,0.0
4.0,9.0,27.0,91.0,39.0,14.0,20.0,27.0,12.0,2.0,0.0,0.0,0.0,0.0,0.0,0.0,0.0,0.0,0.0,0.0
4.0,29.0,32.0,39.0,109.0,30.0,15.0,29.0,12.0,3.0,1.0,1.0,0.0,0.0,0.0,0.0,0.0,1.0,0.0,0.0
0.0,10.0,14.0,14.0,30.0,92.0,19.0,25.0,31.0,13.0,4.0,1.0,0.0,0.0,0.0,0.0,0.0,1.0,0.0,0.0
2.0,3.0,8.0,20.0,15.0,19.0,67.0,26.0,9.0,4.0,3.0,1.0,0.0,0.0,0.0,1.0,1.0,0.0,0.0,0.0
1.0,4.0,7.0,27.0,29.0,25.0,26.0,120.0,45.0,11.0,18.0,5.0,3.0,1.0,1.0,0.0,0.0,0.0,0.0,0.0
0.0,1.0,4.0,12.0,12.0,31.0,9.0,45.0,105.0,16.0,28.0,7.0,1.0,1.0,0.0,0.0,0.0,0.0,0.0,0.0
0.0,0.0,1.0,2.0,3.0,13.0,4.0,11.0,16.0,63.0,17.0,6.0,10.0,4.0,3.0,0.0,0.0,0.0,0.0,0.0
0.0,0.0,0.0,0.0,1.0,4.0,3.0,18.0,28.0,17.0,74.0,16.0,11.0,5.0,2.0,2.0,1.0,0.0,0.0,0.0
0.0,0.0,0.0,0.0,1.0,1.0,1.0,5.0,7.0,6.0,16.0,31.0,8.0,9.0,5.0,3.0,1.0,0.0,0.0,0.0
0.0,0.0,0.0,0.0,0.0,0.0,0.0,3.0,1.0,10.0,11.0,8.0,49.0,16.0,10.0,11.0,6.0,7.0,1.0,0.0
0.0,0.0,0.0,0.0,0.0,0.0,0.0,1.0,1.0,4.0,5.0,9.0,16.0,53.0,22.0,14.0,15.0,11.0,7.0,0.0
0.0,0.0,0.0,0.0,0.0,0.0,0.0,1.0,0.0,3.0,2.0,5.0,10.0,22.0,65.0,29.0,16.0,12.0,9.0,9.0
0.0,0.0,0.0,0.0,0.0,0.0,1.0,0.0,0.0,0.0,2.0,3.0,11.0,14.0,29.0,58.0,18.0,8.0,10.0,11.0
0.0,0.0,0.0,0.0,0.0,0.0,1.0,0.0,0.0,0.0,1.0,1.0,6.0,15.0,16.0,18.0,80.0,33.0,19.0,30.0
0.0,0.0,0.0,0.0,1.0,1.0,0.0,0.0,0.0,0.0,0.0,0.0,7.0,11.0,12.0,8.0,33.0,69.0,24.0,20.0
0.0,0.0,0.0,0.0,0.0,0.0,0.0,0.0,0.0,0.0,0.0,0.0,1.0,7.0,9.0,10.0,19.0,24.0,64.0,20.0
0.0,0.0,0.0,0.0,0.0,0.0,0.0,0.0,0.0,0.0,0.0,0.0,0.0,0.0,9.0,11.0,30.0,20.0,20.0,73.0
v=chr6:37478956-37480956	h=chr6:46296896-46298896	resolution=100	axis=1,0
0.0,0.0,0.0,0.0,0.0,0.0,0.0,0.0,0.0,0.0,0.0,0.0,0.0,0.0,0.0,0.0,0.0,0.0,0.0,0.0
0.0,0.0,0.0,0.0,0.0,0.0,0.0,0.0,0.0,0.0,0.0,0.0,0.0,0.0,0.0,0.0,0.0,0.0,0.0,0.0
0.0,0.0,0.0,0.0,0.0,0.0,0.0,0.0,0.0,0.0,0.0,0.0,0.0,0.0,0.0,0.0,0.0,0.0,0.0,0.0
0.0,0.0,0.0,0.0,0.0,0.0,0.0,0.0,0.0,0.0,0.0,0.0,0.0,0.0,0.0,0.0,0.0,0.0,0.0,0.0
0.0,0.0,0.0,0.0,0.0,0.0,0.0,0.0,0.0,0.0,0.0,0.0,1.0,0.0,0.0,0.0,0.0,0.0,0.0,0.0
0.0,0.0,0.0,0.0,0.0,0.0,0.0,0.0,0.0,0.0,0.0,0.0,1.0,1.0,0.0,0.0,0.0,0.0,0.0,0.0
0.0,0.0,0.0,0.0,0.0,0.0,0.0,0.0,0.0,0.0,0.0,1.0,4.0,2.0,0.0,0.0,0.0,0.0,0.0,0.0
0.0,0.0,0.0,0.0,0.0,0.0,0.0,0.0,0.0,0.0,0.0,8.0,6.0,0.0,0.0,0.0,0.0,0.0,0.0,0.0
0.0,0.0,0.0,0.0,0.0,0.0,0.0,0.0,0.0,0.0,0.0,13.0,5.0,0.0,0.0,0.0,0.0,0.0,0.0,0.0
0.0,0.0,0.0,0.0,0.0,0.0,0.0,0.0,0.0,0.0,0.0,1.0,13.0,3.0,0.0,0.0,0.0,0.0,0.0,0.0
0.0,0.0,0.0,0.0,0.0,0.0,0.0,0.0,0.0,0.0,0.0,16.0,5.0,7.0,2.0,0.0,0.0,1.0,0.0,0.0
0.0,0.0,0.0,0.0,0.0,0.0,0.0,0.0,0.0,0.0,0.0,0.0,0.0,0.0,0.0,0.0,0.0,0.0,0.0,0.0
0.0,0.0,0.0,0.0,0.0,0.0,0.0,0.0,0.0,0.0,0.0,0.0,0.0,0.0,0.0,0.0,0.0,0.0,0.0,0.0
0.0,0.0,0.0,0.0,0.0,0.0,0.0,0.0,0.0,0.0,0.0,0.0,0.0,0.0,0.0,0.0,0.0,0.0,0.0,0.0
0.0,0.0,0.0,0.0,0.0,0.0,0.0,0.0,0.0,0.0,0.0,0.0,0.0,0.0,0.0,0.0,0.0,0.0,0.0,0.0
0.0,0.0,0.0,0.0,0.0,0.0,0.0,0.0,0.0,0.0,0.0,0.0,0.0,0.0,0.0,0.0,0.0,0.0,0.0,0.0
0.0,0.0,0.0,0.0,0.0,0.0,0.0,0.0,0.0,0.0,0.0,0.0,0.0,0.0,0.0,0.0,0.0,0.0,0.0,0.0
0.0,0.0,0.0,0.0,0.0,0.0,0.0,0.0,0.0,0.0,0.0,0.0,0.0,0.0,0.0,0.0,0.0,0.0,0.0,0.0
0.0,0.0,0.0,0.0,0.0,0.0,0.0,0.0,0.0,0.0,0.0,0.0,0.0,0.0,0.0,0.0,0.0,0.0,0.0,0.0
0.0,0.0,0.0,0.0,0.0,0.0,0.0,0.0,0.0,0.0,0.0,0.0,0.0,0.0,0.0,0.0,0.0,0.0,0.0,0.0
v=chr6:46296896-46298896	h=chr6:37478956-37480956	resolution=100	axis=0,1
0.0,0.0,0.0,0.0,0.0,0.0,0.0,0.0,0.0,0.0,0.0,0.0,0.0,0.0,0.0,0.0,0.0,0.0,0.0,0.0
0.0,0.0,0.0,0.0,0.0,0.0,0.0,0.0,0.0,0.0,0.0,0.0,0.0,0.0,0.0,0.0,0.0,0.0,0.0,0.0
0.0,0.0,0.0,0.0,0.0,0.0,0.0,0.0,0.0,0.0,0.0,0.0,0.0,0.0,0.0,0.0,0.0,0.0,0.0,0.0
0.0,0.0,0.0,0.0,0.0,0.0,0.0,0.0,0.0,0.0,0.0,0.0,0.0,0.0,0.0,0.0,0.0,0.0,0.0,0.0
0.0,0.0,0.0,0.0,0.0,0.0,0.0,0.0,0.0,0.0,0.0,0.0,0.0,0.0,0.0,0.0,0.0,0.0,0.0,0.0
0.0,0.0,0.0,0.0,0.0,0.0,0.0,0.0,0.0,0.0,0.0,0.0,0.0,0.0,0.0,0.0,0.0,0.0,0.0,0.0
0.0,0.0,0.0,0.0,0.0,0.0,0.0,0.0,0.0,0.0,0.0,0.0,0.0,0.0,0.0,0.0,0.0,0.0,0.0,0.0
0.0,0.0,0.0,0.0,0.0,0.0,0.0,0.0,0.0,0.0,0.0,0.0,0.0,0.0,0.0,0.0,0.0,0.0,0.0,0.0
0.0,0.0,0.0,0.0,0.0,0.0,0.0,0.0,0.0,0.0,0.0,0.0,0.0,0.0,0.0,0.0,0.0,0.0,0.0,0.0
0.0,0.0,0.0,0.0,0.0,0.0,0.0,0.0,0.0,0.0,0.0,0.0,0.0,0.0,0.0,0.0,0.0,0.0,0.0,0.0
0.0,0.0,0.0,0.0,0.0,0.0,0.0,0.0,0.0,0.0,0.0,0.0,0.0,0.0,0.0,0.0,0.0,0.0,0.0,0.0
0.0,0.0,0.0,0.0,0.0,0.0,1.0,8.0,13.0,1.0,16.0,0.0,0.0,0.0,0.0,0.0,0.0,0.0,0.0,0.0
0.0,0.0,0.0,0.0,1.0,1.0,4.0,6.0,5.0,13.0,5.0,0.0,0.0,0.0,0.0,0.0,0.0,0.0,0.0,0.0
0.0,0.0,0.0,0.0,0.0,1.0,2.0,0.0,0.0,3.0,7.0,0.0,0.0,0.0,0.0,0.0,0.0,0.0,0.0,0.0
0.0,0.0,0.0,0.0,0.0,0.0,0.0,0.0,0.0,0.0,2.0,0.0,0.0,0.0,0.0,0.0,0.0,0.0,0.0,0.0
0.0,0.0,0.0,0.0,0.0,0.0,0.0,0.0,0.0,0.0,0.0,0.0,0.0,0.0,0.0,0.0,0.0,0.0,0.0,0.0
0.0,0.0,0.0,0.0,0.0,0.0,0.0,0.0,0.0,0.0,0.0,0.0,0.0,0.0,0.0,0.0,0.0,0.0,0.0,0.0
0.0,0.0,0.0,0.0,0.0,0.0,0.0,0.0,0.0,0.0,1.0,0.0,0.0,0.0,0.0,0.0,0.0,0.0,0.0,0.0
0.0,0.0,0.0,0.0,0.0,0.0,0.0,0.0,0.0,0.0,0.0,0.0,0.0,0.0,0.0,0.0,0.0,0.0,0.0,0.0
0.0,0.0,0.0,0.0,0.0,0.0,0.0,0.0,0.0,0.0,0.0,0.0,0.0,0.0,0.0,0.0,0.0,0.0,0.0,0.0
v=chr6:46296896-46298896	h=chr6:46296896-46298896	resolution=100	axis=1,1
22.0,22.0,8.0,9.0,2.0,2.0,3.0,0.0,0.0,0.0,0.0,0.0,0.0,0.0,0.0,0.0,0.0,0.0,0.0,0.0
22.0,74.0,30.0,16.0,15.0,11.0,7.0,3.0,3.0,0.0,0.0,0.0,0.0,0.0,0.0,0.0,0.0,0.0,0.0,0.0
8.0,30.0,78.0,31.0,17.0,17.0,6.0,2.0,3.0,1.0,0.0,0.0,0.0,0.0,0.0,0.0,0.0,0.0,0.0,0.0
9.0,16.0,31.0,73.0,32.0,17.0,9.0,1.0,6.0,2.0,0.0,0.0,0.0,0.0,0.0,0.0,0.0,0.0,0.0,0.0
2.0,15.0,17.0,32.0,81.0,32.0,8.0,10.0,8.0,1.0,1.0,0.0,0.0,0.0,0.0,0.0,0.0,0.0,0.0,0.0
2.0,11.0,17.0,17.0,32.0,73.0,23.0,7.0,11.0,5.0,10.0,5.0,1.0,0.0,0.0,0.0,0.0,0.0,0.0,0.0
3.0,7.0,6.0,9.0,8.0,23.0,63.0,11.0,10.0,10.0,10.0,8.0,4.0,0.0,0.0,1.0,1.0,0.0,0.0,0.0
0.0,3.0,2.0,1.0,10.0,7.0,11.0,58.0,22.0,9.0,11.0,10.0,10.0,1.0,2.0,1.0,1.0,0.0,0.0,0.0
0.0,3.0,3.0,6.0,8.0,11.0,10.0,22.0,97.0,33.0,25.0,20.0,18.0,5.0,4.0,1.0,1.0,0.0,0.0,0.0
0.0,0.0,1.0,2.0,1.0,5.0,10.0,9.0,33.0,80.0,23.0,26.0,23.0,4.0,1.0,0.0,0.0,0.0,0.0,0.0
0.0,0.0,0.0,0.0,1.0,10.0,10.0,11.0,25.0,23.0,90.0,33.0,20.0,17.0,7.0,2.0,4.0,5.0,2.0,0.0
0.0,0.0,0.0,0.0,0.0,5.0,8.0,10.0,20.0,26.0,33.0,131.0,39.0,19.0,19.0,3.0,8.0,12.0,5.0,0.0
0.0,0.0,0.0,0.0,0.0,1.0,4.0,10.0,18.0,23.0,20.0,39.0,142.0,38.0,15.0,13.0,11.0,3.0,0.0,1.0
0.0,0.0,0.0,0.0,0.0,0.0,0.0,1.0,5.0,4.0,17.0,19.0,38.0,97.0,29.0,10.0,14.0,11.0,0.0,0.0
0.0,0.0,0.0,0.0,0.0,0.0,0.0,2.0,4.0,1.0,7.0,19.0,15.0,29.0,92.0,24.0,18.0,28.0,8.0,0.0
0.0,0.0,0.0,0.0,0.0,0.0,1.0,1.0,1.0,0.0,2.0,3.0,13.0,10.0,24.0,66.0,20.0,18.0,11.0,2.0
0.0,0.0,0.0,0.0,0.0,0.0,1.0,1.0,1.0,0.0,4.0,8.0,11.0,14.0,18.0,20.0,78.0,25.0,9.0,13.0
0.0,0.0,0.0,0.0,0.0,0.0,0.0,0.0,0.0,0.0,5.0,12.0,3.0,11.0,28.0,18.0,25.0,131.0,45.0,27.0
0.0,0.0,0.0,0.0,0.0,0.0,0.0,0.0,0.0,0.0,2.0,5.0,0.0,0.0,8.0,11.0,9.0,45.0,107.0,37.0
0.0,0.0,0.0,0.0,0.0,0.0,0.0,0.0,0.0,0.0,0.0,0.0,1.0,0.0,0.0,2.0,13.0,27.0,37.0,106.0
